Algorithm MLPClassifier
Confusion Matrices
TrueIrrelevant;FalseIrrelevant;FalseRelevant;TrueRelevant
450;18;52;70
451;17;51;71
451;17;50;72
449;19;50;72
453;15;50;72
453;15;50;72
449;19;50;72
451;17;52;70
452;16;53;69
450;18;50;72
450.9;17.1;50.8;71.2

Reports
I_Precision;I_Recall;I_F1;I_Support;R_Precision;R_Recall;R_F1;R_Support
0.90;0.96;0.93;468;0.80;0.57;0.67;122
0.90;0.96;0.93;468;0.81;0.58;0.68;122
0.90;0.96;0.93;468;0.81;0.59;0.68;122
0.90;0.96;0.93;468;0.79;0.59;0.68;122
0.90;0.97;0.93;468;0.83;0.59;0.69;122
0.90;0.97;0.93;468;0.83;0.59;0.69;122
0.90;0.96;0.93;468;0.79;0.59;0.68;122
0.90;0.96;0.93;468;0.80;0.57;0.67;122
0.90;0.97;0.93;468;0.81;0.57;0.67;122
0.90;0.96;0.93;468;0.80;0.59;0.68;122
0.9000000000000001;0.9629999999999999;0.9299999999999999;468.0;0.807;0.583;0.6789999999999999;122.0



Algorithm KNeighborsClassifier
Confusion Matrices
TrueIrrelevant;FalseIrrelevant;FalseRelevant;TrueRelevant
462;6;62;60
462;6;62;60
462;6;62;60
462;6;62;60
462;6;62;60
462;6;62;60
462;6;62;60
462;6;62;60
462;6;62;60
462;6;62;60
462.0;6.0;62.0;60.0

Reports
I_Precision;I_Recall;I_F1;I_Support;R_Precision;R_Recall;R_F1;R_Support
0.88;0.99;0.93;468;0.91;0.49;0.64;122
0.88;0.99;0.93;468;0.91;0.49;0.64;122
0.88;0.99;0.93;468;0.91;0.49;0.64;122
0.88;0.99;0.93;468;0.91;0.49;0.64;122
0.88;0.99;0.93;468;0.91;0.49;0.64;122
0.88;0.99;0.93;468;0.91;0.49;0.64;122
0.88;0.99;0.93;468;0.91;0.49;0.64;122
0.88;0.99;0.93;468;0.91;0.49;0.64;122
0.88;0.99;0.93;468;0.91;0.49;0.64;122
0.88;0.99;0.93;468;0.91;0.49;0.64;122
0.8800000000000001;0.99;0.9299999999999999;468.0;0.9099999999999999;0.4900000000000001;0.6399999999999999;122.0



Algorithm SVC
Confusion Matrices
TrueIrrelevant;FalseIrrelevant;FalseRelevant;TrueRelevant
461;7;46;76
461;7;46;76
461;7;46;76
461;7;46;76
461;7;46;76
461;7;46;76
461;7;46;76
461;7;46;76
461;7;46;76
461;7;46;76
461.0;7.0;46.0;76.0

Reports
I_Precision;I_Recall;I_F1;I_Support;R_Precision;R_Recall;R_F1;R_Support
0.91;0.99;0.95;468;0.92;0.62;0.74;122
0.91;0.99;0.95;468;0.92;0.62;0.74;122
0.91;0.99;0.95;468;0.92;0.62;0.74;122
0.91;0.99;0.95;468;0.92;0.62;0.74;122
0.91;0.99;0.95;468;0.92;0.62;0.74;122
0.91;0.99;0.95;468;0.92;0.62;0.74;122
0.91;0.99;0.95;468;0.92;0.62;0.74;122
0.91;0.99;0.95;468;0.92;0.62;0.74;122
0.91;0.99;0.95;468;0.92;0.62;0.74;122
0.91;0.99;0.95;468;0.92;0.62;0.74;122
0.9099999999999999;0.99;0.95;468.0;0.9200000000000002;0.62;0.7400000000000001;122.0



Algorithm LinearSVC
Confusion Matrices
TrueIrrelevant;FalseIrrelevant;FalseRelevant;TrueRelevant
441;27;37;85
441;27;37;85
441;27;37;85
441;27;37;85
441;27;37;85
441;27;37;85
441;27;37;85
441;27;37;85
441;27;37;85
441;27;37;85
441.0;27.0;37.0;85.0

Reports
I_Precision;I_Recall;I_F1;I_Support;R_Precision;R_Recall;R_F1;R_Support
0.92;0.94;0.93;468;0.76;0.70;0.73;122
0.92;0.94;0.93;468;0.76;0.70;0.73;122
0.92;0.94;0.93;468;0.76;0.70;0.73;122
0.92;0.94;0.93;468;0.76;0.70;0.73;122
0.92;0.94;0.93;468;0.76;0.70;0.73;122
0.92;0.94;0.93;468;0.76;0.70;0.73;122
0.92;0.94;0.93;468;0.76;0.70;0.73;122
0.92;0.94;0.93;468;0.76;0.70;0.73;122
0.92;0.94;0.93;468;0.76;0.70;0.73;122
0.92;0.94;0.93;468;0.76;0.70;0.73;122
0.9200000000000002;0.9399999999999997;0.9299999999999999;468.0;0.7599999999999999;0.7000000000000001;0.7300000000000001;122.0



Algorithm GaussianProcessClassifier
Confusion Matrices
TrueIrrelevant;FalseIrrelevant;FalseRelevant;TrueRelevant
465;3;84;38
465;3;84;38
465;3;84;38
465;3;84;38
465;3;84;38
465;3;84;38
465;3;84;38
465;3;84;38
465;3;84;38
465;3;84;38
465.0;3.0;84.0;38.0

Reports
I_Precision;I_Recall;I_F1;I_Support;R_Precision;R_Recall;R_F1;R_Support
0.85;0.99;0.91;468;0.93;0.31;0.47;122
0.85;0.99;0.91;468;0.93;0.31;0.47;122
0.85;0.99;0.91;468;0.93;0.31;0.47;122
0.85;0.99;0.91;468;0.93;0.31;0.47;122
0.85;0.99;0.91;468;0.93;0.31;0.47;122
0.85;0.99;0.91;468;0.93;0.31;0.47;122
0.85;0.99;0.91;468;0.93;0.31;0.47;122
0.85;0.99;0.91;468;0.93;0.31;0.47;122
0.85;0.99;0.91;468;0.93;0.31;0.47;122
0.85;0.99;0.91;468;0.93;0.31;0.47;122
0.8499999999999999;0.99;0.9099999999999999;468.0;0.9299999999999999;0.31;0.46999999999999986;122.0



Algorithm DecisionTreeClassifier
Confusion Matrices
TrueIrrelevant;FalseIrrelevant;FalseRelevant;TrueRelevant
437;31;28;94
439;29;24;98
442;26;27;95
442;26;29;93
444;24;23;99
438;30;28;94
443;25;24;98
443;25;28;94
439;29;28;94
446;22;25;97
441.3;26.7;26.4;95.6

Reports
I_Precision;I_Recall;I_F1;I_Support;R_Precision;R_Recall;R_F1;R_Support
0.94;0.93;0.94;468;0.75;0.77;0.76;122
0.95;0.94;0.94;468;0.77;0.80;0.79;122
0.94;0.94;0.94;468;0.79;0.78;0.78;122
0.94;0.94;0.94;468;0.78;0.76;0.77;122
0.95;0.95;0.95;468;0.80;0.81;0.81;122
0.94;0.94;0.94;468;0.76;0.77;0.76;122
0.95;0.95;0.95;468;0.80;0.80;0.80;122
0.94;0.95;0.94;468;0.79;0.77;0.78;122
0.94;0.94;0.94;468;0.76;0.77;0.77;122
0.95;0.95;0.95;468;0.82;0.80;0.80;122
0.944;0.943;0.943;468.0;0.7819999999999999;0.7829999999999999;0.7819999999999999;122.0



Algorithm ExtraTreeClassifier
Confusion Matrices
TrueIrrelevant;FalseIrrelevant;FalseRelevant;TrueRelevant
418;50;52;70
430;38;44;78
422;46;48;74
432;36;57;65
424;44;39;83
417;51;42;80
437;31;45;77
421;47;56;66
441;27;42;80
427;41;58;64
426.9;41.1;48.3;73.7

Reports
I_Precision;I_Recall;I_F1;I_Support;R_Precision;R_Recall;R_F1;R_Support
0.89;0.89;0.89;468;0.58;0.57;0.58;122
0.91;0.92;0.91;468;0.67;0.64;0.66;122
0.90;0.90;0.90;468;0.62;0.61;0.61;122
0.88;0.92;0.90;468;0.64;0.53;0.58;122
0.92;0.91;0.91;468;0.65;0.68;0.67;122
0.91;0.89;0.90;468;0.61;0.66;0.63;122
0.91;0.93;0.92;468;0.71;0.63;0.67;122
0.88;0.90;0.89;468;0.58;0.54;0.56;122
0.91;0.94;0.93;468;0.75;0.66;0.70;122
0.88;0.91;0.90;468;0.61;0.52;0.56;122
0.899;0.9109999999999999;0.905;468.0;0.6420000000000001;0.6040000000000001;0.6220000000000001;122.0



Algorithm RandomForestClassifier
Confusion Matrices
TrueIrrelevant;FalseIrrelevant;FalseRelevant;TrueRelevant
462;6;45;77
462;6;41;81
462;6;45;77
463;5;43;79
461;7;43;79
463;5;43;79
462;6;41;81
461;7;45;77
463;5;44;78
461;7;43;79
462.0;6.0;43.3;78.7

Reports
I_Precision;I_Recall;I_F1;I_Support;R_Precision;R_Recall;R_F1;R_Support
0.91;0.99;0.95;468;0.93;0.63;0.75;122
0.92;0.99;0.95;468;0.93;0.66;0.78;122
0.91;0.99;0.95;468;0.93;0.63;0.75;122
0.92;0.99;0.95;468;0.94;0.65;0.77;122
0.91;0.99;0.95;468;0.92;0.65;0.76;122
0.92;0.99;0.95;468;0.94;0.65;0.77;122
0.92;0.99;0.95;468;0.93;0.66;0.78;122
0.91;0.99;0.95;468;0.92;0.63;0.75;122
0.91;0.99;0.95;468;0.94;0.64;0.76;122
0.91;0.99;0.95;468;0.92;0.65;0.76;122
0.914;0.99;0.95;468.0;0.9299999999999999;0.6449999999999999;0.763;122.0



Algorithm AdaBoostClassifier
Confusion Matrices
TrueIrrelevant;FalseIrrelevant;FalseRelevant;TrueRelevant
453;15;32;90
453;15;32;90
453;15;32;90
453;15;32;90
453;15;32;90
453;15;32;90
453;15;32;90
453;15;32;90
453;15;32;90
453;15;32;90
453.0;15.0;32.0;90.0

Reports
I_Precision;I_Recall;I_F1;I_Support;R_Precision;R_Recall;R_F1;R_Support
0.93;0.97;0.95;468;0.86;0.74;0.79;122
0.93;0.97;0.95;468;0.86;0.74;0.79;122
0.93;0.97;0.95;468;0.86;0.74;0.79;122
0.93;0.97;0.95;468;0.86;0.74;0.79;122
0.93;0.97;0.95;468;0.86;0.74;0.79;122
0.93;0.97;0.95;468;0.86;0.74;0.79;122
0.93;0.97;0.95;468;0.86;0.74;0.79;122
0.93;0.97;0.95;468;0.86;0.74;0.79;122
0.93;0.97;0.95;468;0.86;0.74;0.79;122
0.93;0.97;0.95;468;0.86;0.74;0.79;122
0.9299999999999999;0.97;0.95;468.0;0.8600000000000001;0.7400000000000001;0.79;122.0



Algorithm BaggingClassifier
Confusion Matrices
TrueIrrelevant;FalseIrrelevant;FalseRelevant;TrueRelevant
450;18;32;90
450;18;26;96
454;14;28;94
451;17;28;94
453;15;27;95
455;13;30;92
449;19;28;94
450;18;32;90
450;18;27;95
450;18;28;94
451.2;16.8;28.6;93.4

Reports
I_Precision;I_Recall;I_F1;I_Support;R_Precision;R_Recall;R_F1;R_Support
0.93;0.96;0.95;468;0.83;0.74;0.78;122
0.95;0.96;0.95;468;0.84;0.79;0.81;122
0.94;0.97;0.96;468;0.87;0.77;0.82;122
0.94;0.96;0.95;468;0.85;0.77;0.81;122
0.94;0.97;0.96;468;0.86;0.78;0.82;122
0.94;0.97;0.95;468;0.88;0.75;0.81;122
0.94;0.96;0.95;468;0.83;0.77;0.80;122
0.93;0.96;0.95;468;0.83;0.74;0.78;122
0.94;0.96;0.95;468;0.84;0.78;0.81;122
0.94;0.96;0.95;468;0.84;0.77;0.80;122
0.9389999999999997;0.9629999999999999;0.952;468.0;0.8470000000000001;0.766;0.804;122.0



Algorithm GradientBoostingClassifier
Confusion Matrices
TrueIrrelevant;FalseIrrelevant;FalseRelevant;TrueRelevant
459;9;30;92
457;11;30;92
459;9;31;91
459;9;31;91
458;10;29;93
458;10;30;92
459;9;28;94
458;10;30;92
458;10;28;94
457;11;28;94
458.2;9.8;29.5;92.5

Reports
I_Precision;I_Recall;I_F1;I_Support;R_Precision;R_Recall;R_F1;R_Support
0.94;0.98;0.96;468;0.91;0.75;0.83;122
0.94;0.98;0.96;468;0.89;0.75;0.82;122
0.94;0.98;0.96;468;0.91;0.75;0.82;122
0.94;0.98;0.96;468;0.91;0.75;0.82;122
0.94;0.98;0.96;468;0.90;0.76;0.83;122
0.94;0.98;0.96;468;0.90;0.75;0.82;122
0.94;0.98;0.96;468;0.91;0.77;0.84;122
0.94;0.98;0.96;468;0.90;0.75;0.82;122
0.94;0.98;0.96;468;0.90;0.77;0.83;122
0.94;0.98;0.96;468;0.90;0.77;0.83;122
0.9399999999999997;0.9800000000000002;0.9600000000000002;468.0;0.9030000000000001;0.7569999999999999;0.826;122.0



Algorithm GaussianNB
Confusion Matrices
TrueIrrelevant;FalseIrrelevant;FalseRelevant;TrueRelevant
449;19;104;18
449;19;104;18
449;19;104;18
449;19;104;18
449;19;104;18
449;19;104;18
449;19;104;18
449;19;104;18
449;19;104;18
449;19;104;18
449.0;19.0;104.0;18.0

Reports
I_Precision;I_Recall;I_F1;I_Support;R_Precision;R_Recall;R_F1;R_Support
0.81;0.96;0.88;468;0.49;0.15;0.23;122
0.81;0.96;0.88;468;0.49;0.15;0.23;122
0.81;0.96;0.88;468;0.49;0.15;0.23;122
0.81;0.96;0.88;468;0.49;0.15;0.23;122
0.81;0.96;0.88;468;0.49;0.15;0.23;122
0.81;0.96;0.88;468;0.49;0.15;0.23;122
0.81;0.96;0.88;468;0.49;0.15;0.23;122
0.81;0.96;0.88;468;0.49;0.15;0.23;122
0.81;0.96;0.88;468;0.49;0.15;0.23;122
0.81;0.96;0.88;468;0.49;0.15;0.23;122
0.8100000000000003;0.9600000000000002;0.8800000000000001;468.0;0.4900000000000001;0.14999999999999997;0.23000000000000004;122.0



Algorithm MultinomialNB
Confusion Matrices
TrueIrrelevant;FalseIrrelevant;FalseRelevant;TrueRelevant
449;19;35;87
449;19;35;87
449;19;35;87
449;19;35;87
449;19;35;87
449;19;35;87
449;19;35;87
449;19;35;87
449;19;35;87
449;19;35;87
449.0;19.0;35.0;87.0

Reports
I_Precision;I_Recall;I_F1;I_Support;R_Precision;R_Recall;R_F1;R_Support
0.93;0.96;0.94;468;0.82;0.71;0.76;122
0.93;0.96;0.94;468;0.82;0.71;0.76;122
0.93;0.96;0.94;468;0.82;0.71;0.76;122
0.93;0.96;0.94;468;0.82;0.71;0.76;122
0.93;0.96;0.94;468;0.82;0.71;0.76;122
0.93;0.96;0.94;468;0.82;0.71;0.76;122
0.93;0.96;0.94;468;0.82;0.71;0.76;122
0.93;0.96;0.94;468;0.82;0.71;0.76;122
0.93;0.96;0.94;468;0.82;0.71;0.76;122
0.93;0.96;0.94;468;0.82;0.71;0.76;122
0.9299999999999999;0.9600000000000002;0.9399999999999997;468.0;0.8200000000000001;0.71;0.7599999999999999;122.0



Algorithm BernoulliNB
Confusion Matrices
TrueIrrelevant;FalseIrrelevant;FalseRelevant;TrueRelevant
451;17;33;89
451;17;33;89
451;17;33;89
451;17;33;89
451;17;33;89
451;17;33;89
451;17;33;89
451;17;33;89
451;17;33;89
451;17;33;89
451.0;17.0;33.0;89.0

Reports
I_Precision;I_Recall;I_F1;I_Support;R_Precision;R_Recall;R_F1;R_Support
0.93;0.96;0.95;468;0.84;0.73;0.78;122
0.93;0.96;0.95;468;0.84;0.73;0.78;122
0.93;0.96;0.95;468;0.84;0.73;0.78;122
0.93;0.96;0.95;468;0.84;0.73;0.78;122
0.93;0.96;0.95;468;0.84;0.73;0.78;122
0.93;0.96;0.95;468;0.84;0.73;0.78;122
0.93;0.96;0.95;468;0.84;0.73;0.78;122
0.93;0.96;0.95;468;0.84;0.73;0.78;122
0.93;0.96;0.95;468;0.84;0.73;0.78;122
0.93;0.96;0.95;468;0.84;0.73;0.78;122
0.9299999999999999;0.9600000000000002;0.95;468.0;0.8400000000000001;0.7300000000000001;0.7800000000000001;122.0



Algorithm ComplementNB
Confusion Matrices
TrueIrrelevant;FalseIrrelevant;FalseRelevant;TrueRelevant
427;41;27;95
427;41;27;95
427;41;27;95
427;41;27;95
427;41;27;95
427;41;27;95
427;41;27;95
427;41;27;95
427;41;27;95
427;41;27;95
427.0;41.0;27.0;95.0

Reports
I_Precision;I_Recall;I_F1;I_Support;R_Precision;R_Recall;R_F1;R_Support
0.94;0.91;0.93;468;0.70;0.78;0.74;122
0.94;0.91;0.93;468;0.70;0.78;0.74;122
0.94;0.91;0.93;468;0.70;0.78;0.74;122
0.94;0.91;0.93;468;0.70;0.78;0.74;122
0.94;0.91;0.93;468;0.70;0.78;0.74;122
0.94;0.91;0.93;468;0.70;0.78;0.74;122
0.94;0.91;0.93;468;0.70;0.78;0.74;122
0.94;0.91;0.93;468;0.70;0.78;0.74;122
0.94;0.91;0.93;468;0.70;0.78;0.74;122
0.94;0.91;0.93;468;0.70;0.78;0.74;122
0.9399999999999997;0.9099999999999999;0.9299999999999999;468.0;0.7000000000000001;0.7800000000000001;0.7400000000000001;122.0



Algorithm QuadraticDiscriminantAnalysis
Confusion Matrices
TrueIrrelevant;FalseIrrelevant;FalseRelevant;TrueRelevant
423;45;57;65
423;45;57;65
423;45;57;65
423;45;57;65
423;45;57;65
423;45;57;65
423;45;57;65
423;45;57;65
423;45;57;65
423;45;57;65
423.0;45.0;57.0;65.0

Reports
I_Precision;I_Recall;I_F1;I_Support;R_Precision;R_Recall;R_F1;R_Support
0.88;0.90;0.89;468;0.59;0.53;0.56;122
0.88;0.90;0.89;468;0.59;0.53;0.56;122
0.88;0.90;0.89;468;0.59;0.53;0.56;122
0.88;0.90;0.89;468;0.59;0.53;0.56;122
0.88;0.90;0.89;468;0.59;0.53;0.56;122
0.88;0.90;0.89;468;0.59;0.53;0.56;122
0.88;0.90;0.89;468;0.59;0.53;0.56;122
0.88;0.90;0.89;468;0.59;0.53;0.56;122
0.88;0.90;0.89;468;0.59;0.53;0.56;122
0.88;0.90;0.89;468;0.59;0.53;0.56;122
0.8800000000000001;0.9000000000000001;0.89;468.0;0.59;0.5300000000000001;0.5600000000000002;122.0



Algorithm LinearDiscriminantAnalysis
Confusion Matrices
TrueIrrelevant;FalseIrrelevant;FalseRelevant;TrueRelevant
408;60;40;82
408;60;40;82
408;60;40;82
408;60;40;82
408;60;40;82
408;60;40;82
408;60;40;82
408;60;40;82
408;60;40;82
408;60;40;82
408.0;60.0;40.0;82.0

Reports
I_Precision;I_Recall;I_F1;I_Support;R_Precision;R_Recall;R_F1;R_Support
0.91;0.87;0.89;468;0.58;0.67;0.62;122
0.91;0.87;0.89;468;0.58;0.67;0.62;122
0.91;0.87;0.89;468;0.58;0.67;0.62;122
0.91;0.87;0.89;468;0.58;0.67;0.62;122
0.91;0.87;0.89;468;0.58;0.67;0.62;122
0.91;0.87;0.89;468;0.58;0.67;0.62;122
0.91;0.87;0.89;468;0.58;0.67;0.62;122
0.91;0.87;0.89;468;0.58;0.67;0.62;122
0.91;0.87;0.89;468;0.58;0.67;0.62;122
0.91;0.87;0.89;468;0.58;0.67;0.62;122
0.9099999999999999;0.8699999999999999;0.89;468.0;0.58;0.67;0.62;122.0



Algorithm SGDClassifier
Confusion Matrices
TrueIrrelevant;FalseIrrelevant;FalseRelevant;TrueRelevant
448;20;42;80
445;23;45;77
419;49;34;88
450;18;43;79
441;27;40;82
432;36;38;84
436;32;35;87
438;30;39;83
452;16;51;71
437;31;42;80
439.8;28.2;40.9;81.1

Reports
I_Precision;I_Recall;I_F1;I_Support;R_Precision;R_Recall;R_F1;R_Support
0.91;0.96;0.94;468;0.80;0.66;0.72;122
0.91;0.95;0.93;468;0.77;0.63;0.69;122
0.92;0.90;0.91;468;0.64;0.72;0.68;122
0.91;0.96;0.94;468;0.81;0.65;0.72;122
0.92;0.94;0.93;468;0.75;0.67;0.71;122
0.92;0.92;0.92;468;0.70;0.69;0.69;122
0.93;0.93;0.93;468;0.73;0.71;0.72;122
0.92;0.94;0.93;468;0.73;0.68;0.71;122
0.90;0.97;0.93;468;0.82;0.58;0.68;122
0.91;0.93;0.92;468;0.72;0.66;0.69;122
0.915;0.9400000000000001;0.9279999999999999;468.0;0.747;0.6649999999999999;0.7009999999999998;122.0



Algorithm RidgeClassifier
Confusion Matrices
TrueIrrelevant;FalseIrrelevant;FalseRelevant;TrueRelevant
446;22;35;87
446;22;35;87
446;22;35;87
446;22;35;87
446;22;35;87
446;22;35;87
446;22;35;87
446;22;35;87
446;22;35;87
446;22;35;87
446.0;22.0;35.0;87.0

Reports
I_Precision;I_Recall;I_F1;I_Support;R_Precision;R_Recall;R_F1;R_Support
0.93;0.95;0.94;468;0.80;0.71;0.75;122
0.93;0.95;0.94;468;0.80;0.71;0.75;122
0.93;0.95;0.94;468;0.80;0.71;0.75;122
0.93;0.95;0.94;468;0.80;0.71;0.75;122
0.93;0.95;0.94;468;0.80;0.71;0.75;122
0.93;0.95;0.94;468;0.80;0.71;0.75;122
0.93;0.95;0.94;468;0.80;0.71;0.75;122
0.93;0.95;0.94;468;0.80;0.71;0.75;122
0.93;0.95;0.94;468;0.80;0.71;0.75;122
0.93;0.95;0.94;468;0.80;0.71;0.75;122
0.9299999999999999;0.95;0.9399999999999997;468.0;0.7999999999999999;0.71;0.75;122.0



Algorithm PassiveAggressiveClassifier
Confusion Matrices
TrueIrrelevant;FalseIrrelevant;FalseRelevant;TrueRelevant
438;30;43;79
438;30;42;80
437;31;41;81
438;30;45;77
445;23;46;76
436;32;43;79
437;31;43;79
438;30;43;79
437;31;41;81
439;29;43;79
438.3;29.7;43.0;79.0

Reports
I_Precision;I_Recall;I_F1;I_Support;R_Precision;R_Recall;R_F1;R_Support
0.91;0.94;0.92;468;0.72;0.65;0.68;122
0.91;0.94;0.92;468;0.73;0.66;0.69;122
0.91;0.93;0.92;468;0.72;0.66;0.69;122
0.91;0.94;0.92;468;0.72;0.63;0.67;122
0.91;0.95;0.93;468;0.77;0.62;0.69;122
0.91;0.93;0.92;468;0.71;0.65;0.68;122
0.91;0.93;0.92;468;0.72;0.65;0.68;122
0.91;0.94;0.92;468;0.72;0.65;0.68;122
0.91;0.93;0.92;468;0.72;0.66;0.69;122
0.91;0.94;0.92;468;0.73;0.65;0.69;122
0.9099999999999999;0.9369999999999999;0.921;468.0;0.7259999999999998;0.6480000000000001;0.6839999999999998;122.0



