Algorithm MLPClassifier
Confusion Matrices
TrueIrrelevant;FalseIrrelevant;FalseRelevant;TrueRelevant
443;25;41;81
445;23;41;81
444;24;41;81
443;25;41;81
444;24;41;81
445;23;41;81
442;26;41;81
443;25;40;82
444;24;41;81
444;24;40;82
443.7;24.3;40.8;81.2

Reports
I_Precision;I_Recall;I_F1;I_Support;R_Precision;R_Recall;R_F1;R_Support
0.92;0.95;0.93;468;0.76;0.66;0.71;122
0.92;0.95;0.93;468;0.78;0.66;0.72;122
0.92;0.95;0.93;468;0.77;0.66;0.71;122
0.92;0.95;0.93;468;0.76;0.66;0.71;122
0.92;0.95;0.93;468;0.77;0.66;0.71;122
0.92;0.95;0.93;468;0.78;0.66;0.72;122
0.92;0.94;0.93;468;0.76;0.66;0.71;122
0.92;0.95;0.93;468;0.77;0.67;0.72;122
0.92;0.95;0.93;468;0.77;0.66;0.71;122
0.92;0.95;0.93;468;0.77;0.67;0.72;122
0.9200000000000002;0.9490000000000001;0.9299999999999999;468.0;0.7689999999999999;0.662;0.7139999999999999;122.0



Algorithm KNeighborsClassifier
Confusion Matrices
TrueIrrelevant;FalseIrrelevant;FalseRelevant;TrueRelevant
464;4;50;72
464;4;50;72
464;4;50;72
464;4;50;72
464;4;50;72
464;4;50;72
464;4;50;72
464;4;50;72
464;4;50;72
464;4;50;72
464.0;4.0;50.0;72.0

Reports
I_Precision;I_Recall;I_F1;I_Support;R_Precision;R_Recall;R_F1;R_Support
0.90;0.99;0.95;468;0.95;0.59;0.73;122
0.90;0.99;0.95;468;0.95;0.59;0.73;122
0.90;0.99;0.95;468;0.95;0.59;0.73;122
0.90;0.99;0.95;468;0.95;0.59;0.73;122
0.90;0.99;0.95;468;0.95;0.59;0.73;122
0.90;0.99;0.95;468;0.95;0.59;0.73;122
0.90;0.99;0.95;468;0.95;0.59;0.73;122
0.90;0.99;0.95;468;0.95;0.59;0.73;122
0.90;0.99;0.95;468;0.95;0.59;0.73;122
0.90;0.99;0.95;468;0.95;0.59;0.73;122
0.9000000000000001;0.99;0.95;468.0;0.95;0.59;0.7300000000000001;122.0



Algorithm SVC
Confusion Matrices
TrueIrrelevant;FalseIrrelevant;FalseRelevant;TrueRelevant
464;4;44;78
464;4;44;78
464;4;44;78
464;4;44;78
464;4;44;78
464;4;44;78
464;4;44;78
464;4;44;78
464;4;44;78
464;4;44;78
464.0;4.0;44.0;78.0

Reports
I_Precision;I_Recall;I_F1;I_Support;R_Precision;R_Recall;R_F1;R_Support
0.91;0.99;0.95;468;0.95;0.64;0.76;122
0.91;0.99;0.95;468;0.95;0.64;0.76;122
0.91;0.99;0.95;468;0.95;0.64;0.76;122
0.91;0.99;0.95;468;0.95;0.64;0.76;122
0.91;0.99;0.95;468;0.95;0.64;0.76;122
0.91;0.99;0.95;468;0.95;0.64;0.76;122
0.91;0.99;0.95;468;0.95;0.64;0.76;122
0.91;0.99;0.95;468;0.95;0.64;0.76;122
0.91;0.99;0.95;468;0.95;0.64;0.76;122
0.91;0.99;0.95;468;0.95;0.64;0.76;122
0.9099999999999999;0.99;0.95;468.0;0.95;0.6399999999999999;0.7599999999999999;122.0



Algorithm LinearSVC
Confusion Matrices
TrueIrrelevant;FalseIrrelevant;FalseRelevant;TrueRelevant
461;7;36;86
461;7;36;86
461;7;36;86
461;7;36;86
461;7;36;86
461;7;36;86
461;7;36;86
461;7;36;86
461;7;36;86
461;7;36;86
461.0;7.0;36.0;86.0

Reports
I_Precision;I_Recall;I_F1;I_Support;R_Precision;R_Recall;R_F1;R_Support
0.93;0.99;0.96;468;0.92;0.70;0.80;122
0.93;0.99;0.96;468;0.92;0.70;0.80;122
0.93;0.99;0.96;468;0.92;0.70;0.80;122
0.93;0.99;0.96;468;0.92;0.70;0.80;122
0.93;0.99;0.96;468;0.92;0.70;0.80;122
0.93;0.99;0.96;468;0.92;0.70;0.80;122
0.93;0.99;0.96;468;0.92;0.70;0.80;122
0.93;0.99;0.96;468;0.92;0.70;0.80;122
0.93;0.99;0.96;468;0.92;0.70;0.80;122
0.93;0.99;0.96;468;0.92;0.70;0.80;122
0.9299999999999999;0.99;0.9600000000000002;468.0;0.9200000000000002;0.7000000000000001;0.7999999999999999;122.0



Algorithm GaussianProcessClassifier
Confusion Matrices
TrueIrrelevant;FalseIrrelevant;FalseRelevant;TrueRelevant
467;1;71;51
467;1;71;51
467;1;71;51
467;1;71;51
467;1;71;51
467;1;71;51
467;1;71;51
467;1;71;51
467;1;71;51
467;1;71;51
467.0;1.0;71.0;51.0

Reports
I_Precision;I_Recall;I_F1;I_Support;R_Precision;R_Recall;R_F1;R_Support
0.87;1.00;0.93;468;0.98;0.42;0.59;122
0.87;1.00;0.93;468;0.98;0.42;0.59;122
0.87;1.00;0.93;468;0.98;0.42;0.59;122
0.87;1.00;0.93;468;0.98;0.42;0.59;122
0.87;1.00;0.93;468;0.98;0.42;0.59;122
0.87;1.00;0.93;468;0.98;0.42;0.59;122
0.87;1.00;0.93;468;0.98;0.42;0.59;122
0.87;1.00;0.93;468;0.98;0.42;0.59;122
0.87;1.00;0.93;468;0.98;0.42;0.59;122
0.87;1.00;0.93;468;0.98;0.42;0.59;122
0.8699999999999999;1.0;0.9299999999999999;468.0;0.9800000000000002;0.42000000000000004;0.59;122.0



Algorithm DecisionTreeClassifier
Confusion Matrices
TrueIrrelevant;FalseIrrelevant;FalseRelevant;TrueRelevant
433;35;27;95
434;34;27;95
430;38;25;97
433;35;26;96
437;31;26;96
436;32;26;96
430;38;25;97
431;37;25;97
431;37;29;93
430;38;24;98
432.5;35.5;26.0;96.0

Reports
I_Precision;I_Recall;I_F1;I_Support;R_Precision;R_Recall;R_F1;R_Support
0.94;0.93;0.93;468;0.73;0.78;0.75;122
0.94;0.93;0.93;468;0.74;0.78;0.76;122
0.95;0.92;0.93;468;0.72;0.80;0.75;122
0.94;0.93;0.93;468;0.73;0.79;0.76;122
0.94;0.93;0.94;468;0.76;0.79;0.77;122
0.94;0.93;0.94;468;0.75;0.79;0.77;122
0.95;0.92;0.93;468;0.72;0.80;0.75;122
0.95;0.92;0.93;468;0.72;0.80;0.76;122
0.94;0.92;0.93;468;0.72;0.76;0.74;122
0.95;0.92;0.93;468;0.72;0.80;0.76;122
0.944;0.925;0.9319999999999998;468.0;0.7309999999999999;0.7889999999999999;0.7569999999999999;122.0



Algorithm ExtraTreeClassifier
Confusion Matrices
TrueIrrelevant;FalseIrrelevant;FalseRelevant;TrueRelevant
431;37;51;71
444;24;41;81
420;48;41;81
404;64;55;67
431;37;33;89
426;42;38;84
420;48;48;74
427;41;42;80
428;40;44;78
439;29;61;61
427.0;41.0;45.4;76.6

Reports
I_Precision;I_Recall;I_F1;I_Support;R_Precision;R_Recall;R_F1;R_Support
0.89;0.92;0.91;468;0.66;0.58;0.62;122
0.92;0.95;0.93;468;0.77;0.66;0.71;122
0.91;0.90;0.90;468;0.63;0.66;0.65;122
0.88;0.86;0.87;468;0.51;0.55;0.53;122
0.93;0.92;0.92;468;0.71;0.73;0.72;122
0.92;0.91;0.91;468;0.67;0.69;0.68;122
0.90;0.90;0.90;468;0.61;0.61;0.61;122
0.91;0.91;0.91;468;0.66;0.66;0.66;122
0.91;0.91;0.91;468;0.66;0.64;0.65;122
0.88;0.94;0.91;468;0.68;0.50;0.58;122
0.905;0.9119999999999999;0.907;468.0;0.656;0.628;0.641;122.0



Algorithm RandomForestClassifier
Confusion Matrices
TrueIrrelevant;FalseIrrelevant;FalseRelevant;TrueRelevant
461;7;47;75
461;7;43;79
461;7;42;80
460;8;44;78
459;9;42;80
462;6;45;77
461;7;44;78
461;7;44;78
460;8;43;79
461;7;40;82
460.7;7.3;43.4;78.6

Reports
I_Precision;I_Recall;I_F1;I_Support;R_Precision;R_Recall;R_F1;R_Support
0.91;0.99;0.94;468;0.91;0.61;0.74;122
0.91;0.99;0.95;468;0.92;0.65;0.76;122
0.92;0.99;0.95;468;0.92;0.66;0.77;122
0.91;0.98;0.95;468;0.91;0.64;0.75;122
0.92;0.98;0.95;468;0.90;0.66;0.76;122
0.91;0.99;0.95;468;0.93;0.63;0.75;122
0.91;0.99;0.95;468;0.92;0.64;0.75;122
0.91;0.99;0.95;468;0.92;0.64;0.75;122
0.91;0.98;0.95;468;0.91;0.65;0.76;122
0.92;0.99;0.95;468;0.92;0.67;0.78;122
0.913;0.9870000000000001;0.9490000000000001;468.0;0.916;0.645;0.757;122.0



Algorithm AdaBoostClassifier
Confusion Matrices
TrueIrrelevant;FalseIrrelevant;FalseRelevant;TrueRelevant
458;10;36;86
458;10;36;86
458;10;36;86
458;10;36;86
458;10;36;86
458;10;36;86
458;10;36;86
458;10;36;86
458;10;36;86
458;10;36;86
458.0;10.0;36.0;86.0

Reports
I_Precision;I_Recall;I_F1;I_Support;R_Precision;R_Recall;R_F1;R_Support
0.93;0.98;0.95;468;0.90;0.70;0.79;122
0.93;0.98;0.95;468;0.90;0.70;0.79;122
0.93;0.98;0.95;468;0.90;0.70;0.79;122
0.93;0.98;0.95;468;0.90;0.70;0.79;122
0.93;0.98;0.95;468;0.90;0.70;0.79;122
0.93;0.98;0.95;468;0.90;0.70;0.79;122
0.93;0.98;0.95;468;0.90;0.70;0.79;122
0.93;0.98;0.95;468;0.90;0.70;0.79;122
0.93;0.98;0.95;468;0.90;0.70;0.79;122
0.93;0.98;0.95;468;0.90;0.70;0.79;122
0.9299999999999999;0.9800000000000002;0.95;468.0;0.9000000000000001;0.7000000000000001;0.79;122.0



Algorithm BaggingClassifier
Confusion Matrices
TrueIrrelevant;FalseIrrelevant;FalseRelevant;TrueRelevant
452;16;27;95
452;16;28;94
450;18;29;93
447;21;28;94
451;17;29;93
453;15;29;93
452;16;26;96
449;19;27;95
451;17;27;95
453;15;28;94
451.0;17.0;27.8;94.2

Reports
I_Precision;I_Recall;I_F1;I_Support;R_Precision;R_Recall;R_F1;R_Support
0.94;0.97;0.95;468;0.86;0.78;0.82;122
0.94;0.97;0.95;468;0.85;0.77;0.81;122
0.94;0.96;0.95;468;0.84;0.76;0.80;122
0.94;0.96;0.95;468;0.82;0.77;0.79;122
0.94;0.96;0.95;468;0.85;0.76;0.80;122
0.94;0.97;0.95;468;0.86;0.76;0.81;122
0.95;0.97;0.96;468;0.86;0.79;0.82;122
0.94;0.96;0.95;468;0.83;0.78;0.81;122
0.94;0.96;0.95;468;0.85;0.78;0.81;122
0.94;0.97;0.95;468;0.86;0.77;0.81;122
0.9409999999999998;0.9650000000000001;0.951;468.0;0.8480000000000001;0.772;0.8080000000000002;122.0



Algorithm GradientBoostingClassifier
Confusion Matrices
TrueIrrelevant;FalseIrrelevant;FalseRelevant;TrueRelevant
460;8;28;94
461;7;30;92
461;7;29;93
460;8;28;94
461;7;29;93
460;8;29;93
460;8;28;94
460;8;28;94
460;8;30;92
459;9;30;92
460.2;7.8;28.9;93.1

Reports
I_Precision;I_Recall;I_F1;I_Support;R_Precision;R_Recall;R_F1;R_Support
0.94;0.98;0.96;468;0.92;0.77;0.84;122
0.94;0.99;0.96;468;0.93;0.75;0.83;122
0.94;0.99;0.96;468;0.93;0.76;0.84;122
0.94;0.98;0.96;468;0.92;0.77;0.84;122
0.94;0.99;0.96;468;0.93;0.76;0.84;122
0.94;0.98;0.96;468;0.92;0.76;0.83;122
0.94;0.98;0.96;468;0.92;0.77;0.84;122
0.94;0.98;0.96;468;0.92;0.77;0.84;122
0.94;0.98;0.96;468;0.92;0.75;0.83;122
0.94;0.98;0.96;468;0.91;0.75;0.83;122
0.9399999999999997;0.9830000000000002;0.9600000000000002;468.0;0.922;0.7609999999999999;0.836;122.0



Algorithm GaussianNB
Confusion Matrices
TrueIrrelevant;FalseIrrelevant;FalseRelevant;TrueRelevant
363;105;61;61
363;105;61;61
363;105;61;61
363;105;61;61
363;105;61;61
363;105;61;61
363;105;61;61
363;105;61;61
363;105;61;61
363;105;61;61
363.0;105.0;61.0;61.0

Reports
I_Precision;I_Recall;I_F1;I_Support;R_Precision;R_Recall;R_F1;R_Support
0.86;0.78;0.81;468;0.37;0.50;0.42;122
0.86;0.78;0.81;468;0.37;0.50;0.42;122
0.86;0.78;0.81;468;0.37;0.50;0.42;122
0.86;0.78;0.81;468;0.37;0.50;0.42;122
0.86;0.78;0.81;468;0.37;0.50;0.42;122
0.86;0.78;0.81;468;0.37;0.50;0.42;122
0.86;0.78;0.81;468;0.37;0.50;0.42;122
0.86;0.78;0.81;468;0.37;0.50;0.42;122
0.86;0.78;0.81;468;0.37;0.50;0.42;122
0.86;0.78;0.81;468;0.37;0.50;0.42;122
0.8600000000000001;0.7800000000000001;0.8100000000000003;468.0;0.37000000000000005;0.5;0.42000000000000004;122.0



Algorithm MultinomialNB
Confusion Matrices
TrueIrrelevant;FalseIrrelevant;FalseRelevant;TrueRelevant
468;0;93;29
468;0;93;29
468;0;93;29
468;0;93;29
468;0;93;29
468;0;93;29
468;0;93;29
468;0;93;29
468;0;93;29
468;0;93;29
468.0;0.0;93.0;29.0

Reports
I_Precision;I_Recall;I_F1;I_Support;R_Precision;R_Recall;R_F1;R_Support
0.83;1.00;0.91;468;1.00;0.24;0.38;122
0.83;1.00;0.91;468;1.00;0.24;0.38;122
0.83;1.00;0.91;468;1.00;0.24;0.38;122
0.83;1.00;0.91;468;1.00;0.24;0.38;122
0.83;1.00;0.91;468;1.00;0.24;0.38;122
0.83;1.00;0.91;468;1.00;0.24;0.38;122
0.83;1.00;0.91;468;1.00;0.24;0.38;122
0.83;1.00;0.91;468;1.00;0.24;0.38;122
0.83;1.00;0.91;468;1.00;0.24;0.38;122
0.83;1.00;0.91;468;1.00;0.24;0.38;122
0.8299999999999998;1.0;0.9099999999999999;468.0;1.0;0.24000000000000005;0.37999999999999995;122.0



Algorithm BernoulliNB
Confusion Matrices
TrueIrrelevant;FalseIrrelevant;FalseRelevant;TrueRelevant
464;4;119;3
464;4;119;3
464;4;119;3
464;4;119;3
464;4;119;3
464;4;119;3
464;4;119;3
464;4;119;3
464;4;119;3
464;4;119;3
464.0;4.0;119.0;3.0

Reports
I_Precision;I_Recall;I_F1;I_Support;R_Precision;R_Recall;R_F1;R_Support
0.80;0.99;0.88;468;0.43;0.02;0.05;122
0.80;0.99;0.88;468;0.43;0.02;0.05;122
0.80;0.99;0.88;468;0.43;0.02;0.05;122
0.80;0.99;0.88;468;0.43;0.02;0.05;122
0.80;0.99;0.88;468;0.43;0.02;0.05;122
0.80;0.99;0.88;468;0.43;0.02;0.05;122
0.80;0.99;0.88;468;0.43;0.02;0.05;122
0.80;0.99;0.88;468;0.43;0.02;0.05;122
0.80;0.99;0.88;468;0.43;0.02;0.05;122
0.80;0.99;0.88;468;0.43;0.02;0.05;122
0.7999999999999999;0.99;0.8800000000000001;468.0;0.43000000000000005;0.019999999999999997;0.049999999999999996;122.0



Algorithm ComplementNB
Confusion Matrices
TrueIrrelevant;FalseIrrelevant;FalseRelevant;TrueRelevant
460;8;54;68
460;8;54;68
460;8;54;68
460;8;54;68
460;8;54;68
460;8;54;68
460;8;54;68
460;8;54;68
460;8;54;68
460;8;54;68
460.0;8.0;54.0;68.0

Reports
I_Precision;I_Recall;I_F1;I_Support;R_Precision;R_Recall;R_F1;R_Support
0.89;0.98;0.94;468;0.89;0.56;0.69;122
0.89;0.98;0.94;468;0.89;0.56;0.69;122
0.89;0.98;0.94;468;0.89;0.56;0.69;122
0.89;0.98;0.94;468;0.89;0.56;0.69;122
0.89;0.98;0.94;468;0.89;0.56;0.69;122
0.89;0.98;0.94;468;0.89;0.56;0.69;122
0.89;0.98;0.94;468;0.89;0.56;0.69;122
0.89;0.98;0.94;468;0.89;0.56;0.69;122
0.89;0.98;0.94;468;0.89;0.56;0.69;122
0.89;0.98;0.94;468;0.89;0.56;0.69;122
0.89;0.9800000000000002;0.9399999999999997;468.0;0.89;0.5600000000000002;0.6899999999999998;122.0



Algorithm QuadraticDiscriminantAnalysis
Confusion Matrices
TrueIrrelevant;FalseIrrelevant;FalseRelevant;TrueRelevant
143;325;17;105
143;325;17;105
143;325;17;105
143;325;17;105
143;325;17;105
143;325;17;105
143;325;17;105
143;325;17;105
143;325;17;105
143;325;17;105
143.0;325.0;17.0;105.0

Reports
I_Precision;I_Recall;I_F1;I_Support;R_Precision;R_Recall;R_F1;R_Support
0.89;0.31;0.46;468;0.24;0.86;0.38;122
0.89;0.31;0.46;468;0.24;0.86;0.38;122
0.89;0.31;0.46;468;0.24;0.86;0.38;122
0.89;0.31;0.46;468;0.24;0.86;0.38;122
0.89;0.31;0.46;468;0.24;0.86;0.38;122
0.89;0.31;0.46;468;0.24;0.86;0.38;122
0.89;0.31;0.46;468;0.24;0.86;0.38;122
0.89;0.31;0.46;468;0.24;0.86;0.38;122
0.89;0.31;0.46;468;0.24;0.86;0.38;122
0.89;0.31;0.46;468;0.24;0.86;0.38;122
0.89;0.31;0.4600000000000001;468.0;0.24000000000000005;0.8600000000000001;0.37999999999999995;122.0



Algorithm LinearDiscriminantAnalysis
Confusion Matrices
TrueIrrelevant;FalseIrrelevant;FalseRelevant;TrueRelevant
363;105;57;65
363;105;57;65
363;105;57;65
363;105;57;65
363;105;57;65
363;105;57;65
363;105;57;65
363;105;57;65
363;105;57;65
363;105;57;65
363.0;105.0;57.0;65.0

Reports
I_Precision;I_Recall;I_F1;I_Support;R_Precision;R_Recall;R_F1;R_Support
0.86;0.78;0.82;468;0.38;0.53;0.45;122
0.86;0.78;0.82;468;0.38;0.53;0.45;122
0.86;0.78;0.82;468;0.38;0.53;0.45;122
0.86;0.78;0.82;468;0.38;0.53;0.45;122
0.86;0.78;0.82;468;0.38;0.53;0.45;122
0.86;0.78;0.82;468;0.38;0.53;0.45;122
0.86;0.78;0.82;468;0.38;0.53;0.45;122
0.86;0.78;0.82;468;0.38;0.53;0.45;122
0.86;0.78;0.82;468;0.38;0.53;0.45;122
0.86;0.78;0.82;468;0.38;0.53;0.45;122
0.8600000000000001;0.7800000000000001;0.8200000000000001;468.0;0.37999999999999995;0.5300000000000001;0.45000000000000007;122.0



Algorithm SGDClassifier
Confusion Matrices
TrueIrrelevant;FalseIrrelevant;FalseRelevant;TrueRelevant
452;16;30;92
454;14;34;88
453;15;32;90
460;8;36;86
454;14;31;91
456;12;35;87
454;14;32;90
457;11;35;87
450;18;30;92
454;14;34;88
454.4;13.6;32.9;89.1

Reports
I_Precision;I_Recall;I_F1;I_Support;R_Precision;R_Recall;R_F1;R_Support
0.94;0.97;0.95;468;0.85;0.75;0.80;122
0.93;0.97;0.95;468;0.86;0.72;0.79;122
0.93;0.97;0.95;468;0.86;0.74;0.79;122
0.93;0.98;0.95;468;0.91;0.70;0.80;122
0.94;0.97;0.95;468;0.87;0.75;0.80;122
0.93;0.97;0.95;468;0.88;0.71;0.79;122
0.93;0.97;0.95;468;0.87;0.74;0.80;122
0.93;0.98;0.95;468;0.89;0.71;0.79;122
0.94;0.96;0.95;468;0.84;0.75;0.79;122
0.93;0.97;0.95;468;0.86;0.72;0.79;122
0.9329999999999998;0.9709999999999999;0.95;468.0;0.869;0.729;0.7939999999999999;122.0



Algorithm RidgeClassifier
Confusion Matrices
TrueIrrelevant;FalseIrrelevant;FalseRelevant;TrueRelevant
462;6;39;83
462;6;39;83
462;6;39;83
462;6;39;83
462;6;39;83
462;6;39;83
462;6;39;83
462;6;39;83
462;6;39;83
462;6;39;83
462.0;6.0;39.0;83.0

Reports
I_Precision;I_Recall;I_F1;I_Support;R_Precision;R_Recall;R_F1;R_Support
0.92;0.99;0.95;468;0.93;0.68;0.79;122
0.92;0.99;0.95;468;0.93;0.68;0.79;122
0.92;0.99;0.95;468;0.93;0.68;0.79;122
0.92;0.99;0.95;468;0.93;0.68;0.79;122
0.92;0.99;0.95;468;0.93;0.68;0.79;122
0.92;0.99;0.95;468;0.93;0.68;0.79;122
0.92;0.99;0.95;468;0.93;0.68;0.79;122
0.92;0.99;0.95;468;0.93;0.68;0.79;122
0.92;0.99;0.95;468;0.93;0.68;0.79;122
0.92;0.99;0.95;468;0.93;0.68;0.79;122
0.9200000000000002;0.99;0.95;468.0;0.9299999999999999;0.6799999999999999;0.79;122.0



Algorithm PassiveAggressiveClassifier
Confusion Matrices
TrueIrrelevant;FalseIrrelevant;FalseRelevant;TrueRelevant
458;10;35;87
458;10;34;88
456;12;34;88
453;15;34;88
458;10;39;83
462;6;44;78
452;16;34;88
458;10;38;84
458;10;36;86
452;16;32;90
456.5;11.5;36.0;86.0

Reports
I_Precision;I_Recall;I_F1;I_Support;R_Precision;R_Recall;R_F1;R_Support
0.93;0.98;0.95;468;0.90;0.71;0.79;122
0.93;0.98;0.95;468;0.90;0.72;0.80;122
0.93;0.97;0.95;468;0.88;0.72;0.79;122
0.93;0.97;0.95;468;0.85;0.72;0.78;122
0.92;0.98;0.95;468;0.89;0.68;0.77;122
0.91;0.99;0.95;468;0.93;0.64;0.76;122
0.93;0.97;0.95;468;0.85;0.72;0.78;122
0.92;0.98;0.95;468;0.89;0.69;0.78;122
0.93;0.98;0.95;468;0.90;0.70;0.79;122
0.93;0.97;0.95;468;0.85;0.74;0.79;122
0.9259999999999999;0.977;0.95;468.0;0.884;0.704;0.7830000000000001;122.0



