Algorithm MLPClassifier
Confusion Matrices
TrueIrrelevant;FalseIrrelevant;FalseRelevant;TrueRelevant
441;27;55;67
440;28;58;64
437;31;59;63
435;33;56;66
435;33;59;63
437;31;57;65
441;27;56;66
436;32;57;65
437;31;59;63
436;32;57;65
437.5;30.5;57.3;64.7

Reports
I_Precision;I_Recall;I_F1;I_Support;R_Precision;R_Recall;R_F1;R_Support
0.89;0.94;0.91;468;0.71;0.55;0.62;122
0.88;0.94;0.91;468;0.70;0.52;0.60;122
0.88;0.93;0.91;468;0.67;0.52;0.58;122
0.89;0.93;0.91;468;0.67;0.54;0.60;122
0.88;0.93;0.90;468;0.66;0.52;0.58;122
0.88;0.93;0.91;468;0.68;0.53;0.60;122
0.89;0.94;0.91;468;0.71;0.54;0.61;122
0.88;0.93;0.91;468;0.67;0.53;0.59;122
0.88;0.93;0.91;468;0.67;0.52;0.58;122
0.88;0.93;0.91;468;0.67;0.53;0.59;122
0.883;0.9329999999999998;0.909;468.0;0.6809999999999999;0.53;0.595;122.0



Algorithm KNeighborsClassifier
Confusion Matrices
TrueIrrelevant;FalseIrrelevant;FalseRelevant;TrueRelevant
457;11;59;63
457;11;59;63
457;11;59;63
457;11;59;63
457;11;59;63
457;11;59;63
457;11;59;63
457;11;59;63
457;11;59;63
457;11;59;63
457.0;11.0;59.0;63.0

Reports
I_Precision;I_Recall;I_F1;I_Support;R_Precision;R_Recall;R_F1;R_Support
0.89;0.98;0.93;468;0.85;0.52;0.64;122
0.89;0.98;0.93;468;0.85;0.52;0.64;122
0.89;0.98;0.93;468;0.85;0.52;0.64;122
0.89;0.98;0.93;468;0.85;0.52;0.64;122
0.89;0.98;0.93;468;0.85;0.52;0.64;122
0.89;0.98;0.93;468;0.85;0.52;0.64;122
0.89;0.98;0.93;468;0.85;0.52;0.64;122
0.89;0.98;0.93;468;0.85;0.52;0.64;122
0.89;0.98;0.93;468;0.85;0.52;0.64;122
0.89;0.98;0.93;468;0.85;0.52;0.64;122
0.89;0.9800000000000002;0.9299999999999999;468.0;0.8499999999999999;0.5199999999999999;0.6399999999999999;122.0



Algorithm SVC
Confusion Matrices
TrueIrrelevant;FalseIrrelevant;FalseRelevant;TrueRelevant
457;11;61;61
457;11;61;61
457;11;61;61
457;11;61;61
457;11;61;61
457;11;61;61
457;11;61;61
457;11;61;61
457;11;61;61
457;11;61;61
457.0;11.0;61.0;61.0

Reports
I_Precision;I_Recall;I_F1;I_Support;R_Precision;R_Recall;R_F1;R_Support
0.88;0.98;0.93;468;0.85;0.50;0.63;122
0.88;0.98;0.93;468;0.85;0.50;0.63;122
0.88;0.98;0.93;468;0.85;0.50;0.63;122
0.88;0.98;0.93;468;0.85;0.50;0.63;122
0.88;0.98;0.93;468;0.85;0.50;0.63;122
0.88;0.98;0.93;468;0.85;0.50;0.63;122
0.88;0.98;0.93;468;0.85;0.50;0.63;122
0.88;0.98;0.93;468;0.85;0.50;0.63;122
0.88;0.98;0.93;468;0.85;0.50;0.63;122
0.88;0.98;0.93;468;0.85;0.50;0.63;122
0.8800000000000001;0.9800000000000002;0.9299999999999999;468.0;0.8499999999999999;0.5;0.63;122.0



Algorithm LinearSVC
Confusion Matrices
TrueIrrelevant;FalseIrrelevant;FalseRelevant;TrueRelevant
419;49;44;78
419;49;44;78
419;49;44;78
419;49;44;78
419;49;44;78
419;49;44;78
419;49;44;78
419;49;44;78
419;49;44;78
419;49;44;78
419.0;49.0;44.0;78.0

Reports
I_Precision;I_Recall;I_F1;I_Support;R_Precision;R_Recall;R_F1;R_Support
0.90;0.90;0.90;468;0.61;0.64;0.63;122
0.90;0.90;0.90;468;0.61;0.64;0.63;122
0.90;0.90;0.90;468;0.61;0.64;0.63;122
0.90;0.90;0.90;468;0.61;0.64;0.63;122
0.90;0.90;0.90;468;0.61;0.64;0.63;122
0.90;0.90;0.90;468;0.61;0.64;0.63;122
0.90;0.90;0.90;468;0.61;0.64;0.63;122
0.90;0.90;0.90;468;0.61;0.64;0.63;122
0.90;0.90;0.90;468;0.61;0.64;0.63;122
0.90;0.90;0.90;468;0.61;0.64;0.63;122
0.9000000000000001;0.9000000000000001;0.9000000000000001;468.0;0.6100000000000001;0.6399999999999999;0.63;122.0



Algorithm GaussianProcessClassifier
Confusion Matrices
TrueIrrelevant;FalseIrrelevant;FalseRelevant;TrueRelevant
465;3;89;33
465;3;89;33
465;3;89;33
465;3;89;33
465;3;89;33
465;3;89;33
465;3;89;33
465;3;89;33
465;3;89;33
465;3;89;33
465.0;3.0;89.0;33.0

Reports
I_Precision;I_Recall;I_F1;I_Support;R_Precision;R_Recall;R_F1;R_Support
0.84;0.99;0.91;468;0.92;0.27;0.42;122
0.84;0.99;0.91;468;0.92;0.27;0.42;122
0.84;0.99;0.91;468;0.92;0.27;0.42;122
0.84;0.99;0.91;468;0.92;0.27;0.42;122
0.84;0.99;0.91;468;0.92;0.27;0.42;122
0.84;0.99;0.91;468;0.92;0.27;0.42;122
0.84;0.99;0.91;468;0.92;0.27;0.42;122
0.84;0.99;0.91;468;0.92;0.27;0.42;122
0.84;0.99;0.91;468;0.92;0.27;0.42;122
0.84;0.99;0.91;468;0.92;0.27;0.42;122
0.8400000000000001;0.99;0.9099999999999999;468.0;0.9200000000000002;0.27;0.42000000000000004;122.0



Algorithm DecisionTreeClassifier
Confusion Matrices
TrueIrrelevant;FalseIrrelevant;FalseRelevant;TrueRelevant
439;29;34;88
439;29;35;87
437;31;31;91
435;33;34;88
441;27;32;90
438;30;31;91
442;26;33;89
437;31;34;88
435;33;30;92
440;28;37;85
438.3;29.7;33.1;88.9

Reports
I_Precision;I_Recall;I_F1;I_Support;R_Precision;R_Recall;R_F1;R_Support
0.93;0.94;0.93;468;0.75;0.72;0.74;122
0.93;0.94;0.93;468;0.75;0.71;0.73;122
0.93;0.93;0.93;468;0.75;0.75;0.75;122
0.93;0.93;0.93;468;0.73;0.72;0.72;122
0.93;0.94;0.94;468;0.77;0.74;0.75;122
0.93;0.94;0.93;468;0.75;0.75;0.75;122
0.93;0.94;0.94;468;0.77;0.73;0.75;122
0.93;0.93;0.93;468;0.74;0.72;0.73;122
0.94;0.93;0.93;468;0.74;0.75;0.74;122
0.92;0.94;0.93;468;0.75;0.70;0.72;122
0.9299999999999999;0.9359999999999997;0.9319999999999998;468.0;0.75;0.7289999999999999;0.738;122.0



Algorithm ExtraTreeClassifier
Confusion Matrices
TrueIrrelevant;FalseIrrelevant;FalseRelevant;TrueRelevant
422;46;48;74
425;43;53;69
421;47;47;75
425;43;57;65
428;40;49;73
417;51;52;70
411;57;49;73
416;52;50;72
417;51;55;67
415;53;45;77
419.7;48.3;50.5;71.5

Reports
I_Precision;I_Recall;I_F1;I_Support;R_Precision;R_Recall;R_F1;R_Support
0.90;0.90;0.90;468;0.62;0.61;0.61;122
0.89;0.91;0.90;468;0.62;0.57;0.59;122
0.90;0.90;0.90;468;0.61;0.61;0.61;122
0.88;0.91;0.89;468;0.60;0.53;0.57;122
0.90;0.91;0.91;468;0.65;0.60;0.62;122
0.89;0.89;0.89;468;0.58;0.57;0.58;122
0.89;0.88;0.89;468;0.56;0.60;0.58;122
0.89;0.89;0.89;468;0.58;0.59;0.59;122
0.88;0.89;0.89;468;0.57;0.55;0.56;122
0.90;0.89;0.89;468;0.59;0.63;0.61;122
0.892;0.897;0.8949999999999999;468.0;0.5980000000000001;0.586;0.5920000000000001;122.0



Algorithm RandomForestClassifier
Confusion Matrices
TrueIrrelevant;FalseIrrelevant;FalseRelevant;TrueRelevant
457;11;56;66
456;12;56;66
455;13;55;67
457;11;53;69
455;13;53;69
456;12;53;69
457;11;52;70
455;13;54;68
459;9;55;67
457;11;52;70
456.4;11.6;53.9;68.1

Reports
I_Precision;I_Recall;I_F1;I_Support;R_Precision;R_Recall;R_F1;R_Support
0.89;0.98;0.93;468;0.86;0.54;0.66;122
0.89;0.97;0.93;468;0.85;0.54;0.66;122
0.89;0.97;0.93;468;0.84;0.55;0.66;122
0.90;0.98;0.93;468;0.86;0.57;0.68;122
0.90;0.97;0.93;468;0.84;0.57;0.68;122
0.90;0.97;0.93;468;0.85;0.57;0.68;122
0.90;0.98;0.94;468;0.86;0.57;0.69;122
0.89;0.97;0.93;468;0.84;0.56;0.67;122
0.89;0.98;0.93;468;0.88;0.55;0.68;122
0.90;0.98;0.94;468;0.86;0.57;0.69;122
0.8950000000000001;0.975;0.9319999999999998;468.0;0.8539999999999999;0.5589999999999999;0.675;122.0



Algorithm AdaBoostClassifier
Confusion Matrices
TrueIrrelevant;FalseIrrelevant;FalseRelevant;TrueRelevant
445;23;50;72
445;23;50;72
445;23;50;72
445;23;50;72
445;23;50;72
445;23;50;72
445;23;50;72
445;23;50;72
445;23;50;72
445;23;50;72
445.0;23.0;50.0;72.0

Reports
I_Precision;I_Recall;I_F1;I_Support;R_Precision;R_Recall;R_F1;R_Support
0.90;0.95;0.92;468;0.76;0.59;0.66;122
0.90;0.95;0.92;468;0.76;0.59;0.66;122
0.90;0.95;0.92;468;0.76;0.59;0.66;122
0.90;0.95;0.92;468;0.76;0.59;0.66;122
0.90;0.95;0.92;468;0.76;0.59;0.66;122
0.90;0.95;0.92;468;0.76;0.59;0.66;122
0.90;0.95;0.92;468;0.76;0.59;0.66;122
0.90;0.95;0.92;468;0.76;0.59;0.66;122
0.90;0.95;0.92;468;0.76;0.59;0.66;122
0.90;0.95;0.92;468;0.76;0.59;0.66;122
0.9000000000000001;0.95;0.9200000000000002;468.0;0.7599999999999999;0.59;0.66;122.0



Algorithm BaggingClassifier
Confusion Matrices
TrueIrrelevant;FalseIrrelevant;FalseRelevant;TrueRelevant
445;23;43;79
444;24;36;86
452;16;40;82
451;17;42;80
449;19;39;83
447;21;42;80
450;18;36;86
450;18;42;80
446;22;42;80
444;24;39;83
447.8;20.2;40.1;81.9

Reports
I_Precision;I_Recall;I_F1;I_Support;R_Precision;R_Recall;R_F1;R_Support
0.91;0.95;0.93;468;0.77;0.65;0.71;122
0.93;0.95;0.94;468;0.78;0.70;0.74;122
0.92;0.97;0.94;468;0.84;0.67;0.75;122
0.91;0.96;0.94;468;0.82;0.66;0.73;122
0.92;0.96;0.94;468;0.81;0.68;0.74;122
0.91;0.96;0.93;468;0.79;0.66;0.72;122
0.93;0.96;0.94;468;0.83;0.70;0.76;122
0.91;0.96;0.94;468;0.82;0.66;0.73;122
0.91;0.95;0.93;468;0.78;0.66;0.71;122
0.92;0.95;0.93;468;0.78;0.68;0.72;122
0.917;0.9569999999999999;0.9359999999999997;468.0;0.8019999999999999;0.672;0.7309999999999999;122.0



Algorithm GradientBoostingClassifier
Confusion Matrices
TrueIrrelevant;FalseIrrelevant;FalseRelevant;TrueRelevant
453;15;43;79
453;15;44;78
452;16;41;81
453;15;46;76
453;15;44;78
451;17;45;77
452;16;45;77
451;17;44;78
453;15;45;77
453;15;46;76
452.4;15.6;44.3;77.7

Reports
I_Precision;I_Recall;I_F1;I_Support;R_Precision;R_Recall;R_F1;R_Support
0.91;0.97;0.94;468;0.84;0.65;0.73;122
0.91;0.97;0.94;468;0.84;0.64;0.73;122
0.92;0.97;0.94;468;0.84;0.66;0.74;122
0.91;0.97;0.94;468;0.84;0.62;0.71;122
0.91;0.97;0.94;468;0.84;0.64;0.73;122
0.91;0.96;0.94;468;0.82;0.63;0.71;122
0.91;0.97;0.94;468;0.83;0.63;0.72;122
0.91;0.96;0.94;468;0.82;0.64;0.72;122
0.91;0.97;0.94;468;0.84;0.63;0.72;122
0.91;0.97;0.94;468;0.84;0.62;0.71;122
0.9110000000000001;0.968;0.9399999999999997;468.0;0.8350000000000002;0.636;0.7219999999999999;122.0



Algorithm GaussianNB
Confusion Matrices
TrueIrrelevant;FalseIrrelevant;FalseRelevant;TrueRelevant
453;15;105;17
453;15;105;17
453;15;105;17
453;15;105;17
453;15;105;17
453;15;105;17
453;15;105;17
453;15;105;17
453;15;105;17
453;15;105;17
453.0;15.0;105.0;17.0

Reports
I_Precision;I_Recall;I_F1;I_Support;R_Precision;R_Recall;R_F1;R_Support
0.81;0.97;0.88;468;0.53;0.14;0.22;122
0.81;0.97;0.88;468;0.53;0.14;0.22;122
0.81;0.97;0.88;468;0.53;0.14;0.22;122
0.81;0.97;0.88;468;0.53;0.14;0.22;122
0.81;0.97;0.88;468;0.53;0.14;0.22;122
0.81;0.97;0.88;468;0.53;0.14;0.22;122
0.81;0.97;0.88;468;0.53;0.14;0.22;122
0.81;0.97;0.88;468;0.53;0.14;0.22;122
0.81;0.97;0.88;468;0.53;0.14;0.22;122
0.81;0.97;0.88;468;0.53;0.14;0.22;122
0.8100000000000003;0.97;0.8800000000000001;468.0;0.5300000000000001;0.14000000000000004;0.22000000000000003;122.0



Algorithm MultinomialNB
Confusion Matrices
TrueIrrelevant;FalseIrrelevant;FalseRelevant;TrueRelevant
444;24;43;79
444;24;43;79
444;24;43;79
444;24;43;79
444;24;43;79
444;24;43;79
444;24;43;79
444;24;43;79
444;24;43;79
444;24;43;79
444.0;24.0;43.0;79.0

Reports
I_Precision;I_Recall;I_F1;I_Support;R_Precision;R_Recall;R_F1;R_Support
0.91;0.95;0.93;468;0.77;0.65;0.70;122
0.91;0.95;0.93;468;0.77;0.65;0.70;122
0.91;0.95;0.93;468;0.77;0.65;0.70;122
0.91;0.95;0.93;468;0.77;0.65;0.70;122
0.91;0.95;0.93;468;0.77;0.65;0.70;122
0.91;0.95;0.93;468;0.77;0.65;0.70;122
0.91;0.95;0.93;468;0.77;0.65;0.70;122
0.91;0.95;0.93;468;0.77;0.65;0.70;122
0.91;0.95;0.93;468;0.77;0.65;0.70;122
0.91;0.95;0.93;468;0.77;0.65;0.70;122
0.9099999999999999;0.95;0.9299999999999999;468.0;0.7699999999999999;0.6500000000000001;0.7000000000000001;122.0



Algorithm BernoulliNB
Confusion Matrices
TrueIrrelevant;FalseIrrelevant;FalseRelevant;TrueRelevant
430;38;40;82
430;38;40;82
430;38;40;82
430;38;40;82
430;38;40;82
430;38;40;82
430;38;40;82
430;38;40;82
430;38;40;82
430;38;40;82
430.0;38.0;40.0;82.0

Reports
I_Precision;I_Recall;I_F1;I_Support;R_Precision;R_Recall;R_F1;R_Support
0.91;0.92;0.92;468;0.68;0.67;0.68;122
0.91;0.92;0.92;468;0.68;0.67;0.68;122
0.91;0.92;0.92;468;0.68;0.67;0.68;122
0.91;0.92;0.92;468;0.68;0.67;0.68;122
0.91;0.92;0.92;468;0.68;0.67;0.68;122
0.91;0.92;0.92;468;0.68;0.67;0.68;122
0.91;0.92;0.92;468;0.68;0.67;0.68;122
0.91;0.92;0.92;468;0.68;0.67;0.68;122
0.91;0.92;0.92;468;0.68;0.67;0.68;122
0.91;0.92;0.92;468;0.68;0.67;0.68;122
0.9099999999999999;0.9200000000000002;0.9200000000000002;468.0;0.6799999999999999;0.67;0.6799999999999999;122.0



Algorithm ComplementNB
Confusion Matrices
TrueIrrelevant;FalseIrrelevant;FalseRelevant;TrueRelevant
417;51;31;91
417;51;31;91
417;51;31;91
417;51;31;91
417;51;31;91
417;51;31;91
417;51;31;91
417;51;31;91
417;51;31;91
417;51;31;91
417.0;51.0;31.0;91.0

Reports
I_Precision;I_Recall;I_F1;I_Support;R_Precision;R_Recall;R_F1;R_Support
0.93;0.89;0.91;468;0.64;0.75;0.69;122
0.93;0.89;0.91;468;0.64;0.75;0.69;122
0.93;0.89;0.91;468;0.64;0.75;0.69;122
0.93;0.89;0.91;468;0.64;0.75;0.69;122
0.93;0.89;0.91;468;0.64;0.75;0.69;122
0.93;0.89;0.91;468;0.64;0.75;0.69;122
0.93;0.89;0.91;468;0.64;0.75;0.69;122
0.93;0.89;0.91;468;0.64;0.75;0.69;122
0.93;0.89;0.91;468;0.64;0.75;0.69;122
0.93;0.89;0.91;468;0.64;0.75;0.69;122
0.9299999999999999;0.89;0.9099999999999999;468.0;0.6399999999999999;0.75;0.6899999999999998;122.0



Algorithm QuadraticDiscriminantAnalysis
Confusion Matrices
TrueIrrelevant;FalseIrrelevant;FalseRelevant;TrueRelevant
440;28;58;64
440;28;58;64
440;28;58;64
440;28;58;64
440;28;58;64
440;28;58;64
440;28;58;64
440;28;58;64
440;28;58;64
440;28;58;64
440.0;28.0;58.0;64.0

Reports
I_Precision;I_Recall;I_F1;I_Support;R_Precision;R_Recall;R_F1;R_Support
0.88;0.94;0.91;468;0.70;0.52;0.60;122
0.88;0.94;0.91;468;0.70;0.52;0.60;122
0.88;0.94;0.91;468;0.70;0.52;0.60;122
0.88;0.94;0.91;468;0.70;0.52;0.60;122
0.88;0.94;0.91;468;0.70;0.52;0.60;122
0.88;0.94;0.91;468;0.70;0.52;0.60;122
0.88;0.94;0.91;468;0.70;0.52;0.60;122
0.88;0.94;0.91;468;0.70;0.52;0.60;122
0.88;0.94;0.91;468;0.70;0.52;0.60;122
0.88;0.94;0.91;468;0.70;0.52;0.60;122
0.8800000000000001;0.9399999999999997;0.9099999999999999;468.0;0.7000000000000001;0.5199999999999999;0.5999999999999999;122.0



Algorithm LinearDiscriminantAnalysis
Confusion Matrices
TrueIrrelevant;FalseIrrelevant;FalseRelevant;TrueRelevant
392;76;46;76
392;76;46;76
392;76;46;76
392;76;46;76
392;76;46;76
392;76;46;76
392;76;46;76
392;76;46;76
392;76;46;76
392;76;46;76
392.0;76.0;46.0;76.0

Reports
I_Precision;I_Recall;I_F1;I_Support;R_Precision;R_Recall;R_F1;R_Support
0.89;0.84;0.87;468;0.50;0.62;0.55;122
0.89;0.84;0.87;468;0.50;0.62;0.55;122
0.89;0.84;0.87;468;0.50;0.62;0.55;122
0.89;0.84;0.87;468;0.50;0.62;0.55;122
0.89;0.84;0.87;468;0.50;0.62;0.55;122
0.89;0.84;0.87;468;0.50;0.62;0.55;122
0.89;0.84;0.87;468;0.50;0.62;0.55;122
0.89;0.84;0.87;468;0.50;0.62;0.55;122
0.89;0.84;0.87;468;0.50;0.62;0.55;122
0.89;0.84;0.87;468;0.50;0.62;0.55;122
0.89;0.8400000000000001;0.8699999999999999;468.0;0.5;0.62;0.5499999999999999;122.0



Algorithm SGDClassifier
Confusion Matrices
TrueIrrelevant;FalseIrrelevant;FalseRelevant;TrueRelevant
416;52;46;76
416;52;46;76
418;50;46;76
421;47;48;74
425;43;47;75
424;44;45;77
413;55;41;81
442;26;59;63
417;51;45;77
432;36;56;66
422.4;45.6;47.9;74.1

Reports
I_Precision;I_Recall;I_F1;I_Support;R_Precision;R_Recall;R_F1;R_Support
0.90;0.89;0.89;468;0.59;0.62;0.61;122
0.90;0.89;0.89;468;0.59;0.62;0.61;122
0.90;0.89;0.90;468;0.60;0.62;0.61;122
0.90;0.90;0.90;468;0.61;0.61;0.61;122
0.90;0.91;0.90;468;0.64;0.61;0.62;122
0.90;0.91;0.91;468;0.64;0.63;0.63;122
0.91;0.88;0.90;468;0.60;0.66;0.63;122
0.88;0.94;0.91;468;0.71;0.52;0.60;122
0.90;0.89;0.90;468;0.60;0.63;0.62;122
0.89;0.92;0.90;468;0.65;0.54;0.59;122
0.898;0.9019999999999999;0.9000000000000001;468.0;0.623;0.6059999999999999;0.613;122.0



Algorithm RidgeClassifier
Confusion Matrices
TrueIrrelevant;FalseIrrelevant;FalseRelevant;TrueRelevant
430;38;47;75
430;38;47;75
430;38;47;75
430;38;47;75
430;38;47;75
430;38;47;75
430;38;47;75
430;38;47;75
430;38;47;75
430;38;47;75
430.0;38.0;47.0;75.0

Reports
I_Precision;I_Recall;I_F1;I_Support;R_Precision;R_Recall;R_F1;R_Support
0.90;0.92;0.91;468;0.66;0.61;0.64;122
0.90;0.92;0.91;468;0.66;0.61;0.64;122
0.90;0.92;0.91;468;0.66;0.61;0.64;122
0.90;0.92;0.91;468;0.66;0.61;0.64;122
0.90;0.92;0.91;468;0.66;0.61;0.64;122
0.90;0.92;0.91;468;0.66;0.61;0.64;122
0.90;0.92;0.91;468;0.66;0.61;0.64;122
0.90;0.92;0.91;468;0.66;0.61;0.64;122
0.90;0.92;0.91;468;0.66;0.61;0.64;122
0.90;0.92;0.91;468;0.66;0.61;0.64;122
0.9000000000000001;0.9200000000000002;0.9099999999999999;468.0;0.66;0.6100000000000001;0.6399999999999999;122.0



Algorithm PassiveAggressiveClassifier
Confusion Matrices
TrueIrrelevant;FalseIrrelevant;FalseRelevant;TrueRelevant
423;45;51;71
421;47;50;72
416;52;47;75
424;44;51;71
416;52;47;75
416;52;48;74
417;51;46;76
413;55;45;77
415;53;46;76
419;49;50;72
418.0;50.0;48.1;73.9

Reports
I_Precision;I_Recall;I_F1;I_Support;R_Precision;R_Recall;R_F1;R_Support
0.89;0.90;0.90;468;0.61;0.58;0.60;122
0.89;0.90;0.90;468;0.61;0.59;0.60;122
0.90;0.89;0.89;468;0.59;0.61;0.60;122
0.89;0.91;0.90;468;0.62;0.58;0.60;122
0.90;0.89;0.89;468;0.59;0.61;0.60;122
0.90;0.89;0.89;468;0.59;0.61;0.60;122
0.90;0.89;0.90;468;0.60;0.62;0.61;122
0.90;0.88;0.89;468;0.58;0.63;0.61;122
0.90;0.89;0.89;468;0.59;0.62;0.61;122
0.89;0.90;0.89;468;0.60;0.59;0.59;122
0.8960000000000002;0.8939999999999999;0.8939999999999999;468.0;0.598;0.6039999999999999;0.6020000000000001;122.0



