Algorithm MLPClassifier
Confusion Matrices
TrueIrrelevant;FalseIrrelevant;FalseRelevant;TrueRelevant
432;36;40;82
434;34;40;82
434;34;41;81
432;36;38;84
433;35;39;83
435;33;40;82
433;35;40;82
431;37;40;82
431;37;39;83
437;31;40;82
433.2;34.8;39.7;82.3

Reports
I_Precision;I_Recall;I_F1;I_Support;R_Precision;R_Recall;R_F1;R_Support
0.92;0.92;0.92;468;0.69;0.67;0.68;122
0.92;0.93;0.92;468;0.71;0.67;0.69;122
0.91;0.93;0.92;468;0.70;0.66;0.68;122
0.92;0.92;0.92;468;0.70;0.69;0.69;122
0.92;0.93;0.92;468;0.70;0.68;0.69;122
0.92;0.93;0.92;468;0.71;0.67;0.69;122
0.92;0.93;0.92;468;0.70;0.67;0.69;122
0.92;0.92;0.92;468;0.69;0.67;0.68;122
0.92;0.92;0.92;468;0.69;0.68;0.69;122
0.92;0.93;0.92;468;0.73;0.67;0.70;122
0.9189999999999999;0.9259999999999999;0.9200000000000002;468.0;0.702;0.6729999999999999;0.688;122.0



Algorithm KNeighborsClassifier
Confusion Matrices
TrueIrrelevant;FalseIrrelevant;FalseRelevant;TrueRelevant
462;6;49;73
462;6;49;73
462;6;49;73
462;6;49;73
462;6;49;73
462;6;49;73
462;6;49;73
462;6;49;73
462;6;49;73
462;6;49;73
462.0;6.0;49.0;73.0

Reports
I_Precision;I_Recall;I_F1;I_Support;R_Precision;R_Recall;R_F1;R_Support
0.90;0.99;0.94;468;0.92;0.60;0.73;122
0.90;0.99;0.94;468;0.92;0.60;0.73;122
0.90;0.99;0.94;468;0.92;0.60;0.73;122
0.90;0.99;0.94;468;0.92;0.60;0.73;122
0.90;0.99;0.94;468;0.92;0.60;0.73;122
0.90;0.99;0.94;468;0.92;0.60;0.73;122
0.90;0.99;0.94;468;0.92;0.60;0.73;122
0.90;0.99;0.94;468;0.92;0.60;0.73;122
0.90;0.99;0.94;468;0.92;0.60;0.73;122
0.90;0.99;0.94;468;0.92;0.60;0.73;122
0.9000000000000001;0.99;0.9399999999999997;468.0;0.9200000000000002;0.5999999999999999;0.7300000000000001;122.0



Algorithm SVC
Confusion Matrices
TrueIrrelevant;FalseIrrelevant;FalseRelevant;TrueRelevant
461;7;49;73
461;7;49;73
461;7;49;73
461;7;49;73
461;7;49;73
461;7;49;73
461;7;49;73
461;7;49;73
461;7;49;73
461;7;49;73
461.0;7.0;49.0;73.0

Reports
I_Precision;I_Recall;I_F1;I_Support;R_Precision;R_Recall;R_F1;R_Support
0.90;0.99;0.94;468;0.91;0.60;0.72;122
0.90;0.99;0.94;468;0.91;0.60;0.72;122
0.90;0.99;0.94;468;0.91;0.60;0.72;122
0.90;0.99;0.94;468;0.91;0.60;0.72;122
0.90;0.99;0.94;468;0.91;0.60;0.72;122
0.90;0.99;0.94;468;0.91;0.60;0.72;122
0.90;0.99;0.94;468;0.91;0.60;0.72;122
0.90;0.99;0.94;468;0.91;0.60;0.72;122
0.90;0.99;0.94;468;0.91;0.60;0.72;122
0.90;0.99;0.94;468;0.91;0.60;0.72;122
0.9000000000000001;0.99;0.9399999999999997;468.0;0.9099999999999999;0.5999999999999999;0.7199999999999999;122.0



Algorithm LinearSVC
Confusion Matrices
TrueIrrelevant;FalseIrrelevant;FalseRelevant;TrueRelevant
449;19;40;82
449;19;40;82
449;19;40;82
449;19;40;82
449;19;40;82
449;19;40;82
449;19;40;82
449;19;40;82
449;19;40;82
449;19;40;82
449.0;19.0;40.0;82.0

Reports
I_Precision;I_Recall;I_F1;I_Support;R_Precision;R_Recall;R_F1;R_Support
0.92;0.96;0.94;468;0.81;0.67;0.74;122
0.92;0.96;0.94;468;0.81;0.67;0.74;122
0.92;0.96;0.94;468;0.81;0.67;0.74;122
0.92;0.96;0.94;468;0.81;0.67;0.74;122
0.92;0.96;0.94;468;0.81;0.67;0.74;122
0.92;0.96;0.94;468;0.81;0.67;0.74;122
0.92;0.96;0.94;468;0.81;0.67;0.74;122
0.92;0.96;0.94;468;0.81;0.67;0.74;122
0.92;0.96;0.94;468;0.81;0.67;0.74;122
0.92;0.96;0.94;468;0.81;0.67;0.74;122
0.9200000000000002;0.9600000000000002;0.9399999999999997;468.0;0.8100000000000003;0.67;0.7400000000000001;122.0



Algorithm GaussianProcessClassifier
Confusion Matrices
TrueIrrelevant;FalseIrrelevant;FalseRelevant;TrueRelevant
464;4;70;52
464;4;70;52
464;4;70;52
464;4;70;52
464;4;70;52
464;4;70;52
464;4;70;52
464;4;70;52
464;4;70;52
464;4;70;52
464.0;4.0;70.0;52.0

Reports
I_Precision;I_Recall;I_F1;I_Support;R_Precision;R_Recall;R_F1;R_Support
0.87;0.99;0.93;468;0.93;0.43;0.58;122
0.87;0.99;0.93;468;0.93;0.43;0.58;122
0.87;0.99;0.93;468;0.93;0.43;0.58;122
0.87;0.99;0.93;468;0.93;0.43;0.58;122
0.87;0.99;0.93;468;0.93;0.43;0.58;122
0.87;0.99;0.93;468;0.93;0.43;0.58;122
0.87;0.99;0.93;468;0.93;0.43;0.58;122
0.87;0.99;0.93;468;0.93;0.43;0.58;122
0.87;0.99;0.93;468;0.93;0.43;0.58;122
0.87;0.99;0.93;468;0.93;0.43;0.58;122
0.8699999999999999;0.99;0.9299999999999999;468.0;0.9299999999999999;0.43000000000000005;0.58;122.0



Algorithm DecisionTreeClassifier
Confusion Matrices
TrueIrrelevant;FalseIrrelevant;FalseRelevant;TrueRelevant
433;35;25;97
429;39;25;97
433;35;25;97
430;38;24;98
434;34;27;95
430;38;24;98
432;36;23;99
430;38;23;99
435;33;23;99
431;37;24;98
431.7;36.3;24.3;97.7

Reports
I_Precision;I_Recall;I_F1;I_Support;R_Precision;R_Recall;R_F1;R_Support
0.95;0.93;0.94;468;0.73;0.80;0.76;122
0.94;0.92;0.93;468;0.71;0.80;0.75;122
0.95;0.93;0.94;468;0.73;0.80;0.76;122
0.95;0.92;0.93;468;0.72;0.80;0.76;122
0.94;0.93;0.93;468;0.74;0.78;0.76;122
0.95;0.92;0.93;468;0.72;0.80;0.76;122
0.95;0.92;0.94;468;0.73;0.81;0.77;122
0.95;0.92;0.93;468;0.72;0.81;0.76;122
0.95;0.93;0.94;468;0.75;0.81;0.78;122
0.95;0.92;0.93;468;0.73;0.80;0.76;122
0.9480000000000001;0.924;0.9339999999999998;468.0;0.728;0.8010000000000002;0.762;122.0



Algorithm ExtraTreeClassifier
Confusion Matrices
TrueIrrelevant;FalseIrrelevant;FalseRelevant;TrueRelevant
426;42;44;78
415;53;54;68
394;74;37;85
416;52;48;74
436;32;51;71
436;32;50;72
418;50;42;80
418;50;53;69
423;45;63;59
425;43;55;67
420.7;47.3;49.7;72.3

Reports
I_Precision;I_Recall;I_F1;I_Support;R_Precision;R_Recall;R_F1;R_Support
0.91;0.91;0.91;468;0.65;0.64;0.64;122
0.88;0.89;0.89;468;0.56;0.56;0.56;122
0.91;0.84;0.88;468;0.53;0.70;0.60;122
0.90;0.89;0.89;468;0.59;0.61;0.60;122
0.90;0.93;0.91;468;0.69;0.58;0.63;122
0.90;0.93;0.91;468;0.69;0.59;0.64;122
0.91;0.89;0.90;468;0.62;0.66;0.63;122
0.89;0.89;0.89;468;0.58;0.57;0.57;122
0.87;0.90;0.89;468;0.57;0.48;0.52;122
0.89;0.91;0.90;468;0.61;0.55;0.58;122
0.8960000000000001;0.8979999999999999;0.897;468.0;0.6090000000000001;0.5940000000000001;0.5970000000000001;122.0



Algorithm RandomForestClassifier
Confusion Matrices
TrueIrrelevant;FalseIrrelevant;FalseRelevant;TrueRelevant
456;12;44;78
459;9;45;77
458;10;43;79
461;7;48;74
458;10;44;78
458;10;51;71
459;9;40;82
455;13;43;79
460;8;46;76
459;9;42;80
458.3;9.7;44.6;77.4

Reports
I_Precision;I_Recall;I_F1;I_Support;R_Precision;R_Recall;R_F1;R_Support
0.91;0.97;0.94;468;0.87;0.64;0.74;122
0.91;0.98;0.94;468;0.90;0.63;0.74;122
0.91;0.98;0.95;468;0.89;0.65;0.75;122
0.91;0.99;0.94;468;0.91;0.61;0.73;122
0.91;0.98;0.94;468;0.89;0.64;0.74;122
0.90;0.98;0.94;468;0.88;0.58;0.70;122
0.92;0.98;0.95;468;0.90;0.67;0.77;122
0.91;0.97;0.94;468;0.86;0.65;0.74;122
0.91;0.98;0.94;468;0.90;0.62;0.74;122
0.92;0.98;0.95;468;0.90;0.66;0.76;122
0.9109999999999999;0.9790000000000001;0.943;468.0;0.89;0.635;0.741;122.0



Algorithm AdaBoostClassifier
Confusion Matrices
TrueIrrelevant;FalseIrrelevant;FalseRelevant;TrueRelevant
447;21;34;88
447;21;34;88
447;21;34;88
447;21;34;88
447;21;34;88
447;21;34;88
447;21;34;88
447;21;34;88
447;21;34;88
447;21;34;88
447.0;21.0;34.0;88.0

Reports
I_Precision;I_Recall;I_F1;I_Support;R_Precision;R_Recall;R_F1;R_Support
0.93;0.96;0.94;468;0.81;0.72;0.76;122
0.93;0.96;0.94;468;0.81;0.72;0.76;122
0.93;0.96;0.94;468;0.81;0.72;0.76;122
0.93;0.96;0.94;468;0.81;0.72;0.76;122
0.93;0.96;0.94;468;0.81;0.72;0.76;122
0.93;0.96;0.94;468;0.81;0.72;0.76;122
0.93;0.96;0.94;468;0.81;0.72;0.76;122
0.93;0.96;0.94;468;0.81;0.72;0.76;122
0.93;0.96;0.94;468;0.81;0.72;0.76;122
0.93;0.96;0.94;468;0.81;0.72;0.76;122
0.9299999999999999;0.9600000000000002;0.9399999999999997;468.0;0.8100000000000003;0.7199999999999999;0.7599999999999999;122.0



Algorithm BaggingClassifier
Confusion Matrices
TrueIrrelevant;FalseIrrelevant;FalseRelevant;TrueRelevant
441;27;26;96
442;26;27;95
439;29;24;98
443;25;25;97
439;29;28;94
446;22;30;92
443;25;29;93
446;22;33;89
444;24;29;93
441;27;26;96
442.4;25.6;27.7;94.3

Reports
I_Precision;I_Recall;I_F1;I_Support;R_Precision;R_Recall;R_F1;R_Support
0.94;0.94;0.94;468;0.78;0.79;0.78;122
0.94;0.94;0.94;468;0.79;0.78;0.78;122
0.95;0.94;0.94;468;0.77;0.80;0.79;122
0.95;0.95;0.95;468;0.80;0.80;0.80;122
0.94;0.94;0.94;468;0.76;0.77;0.77;122
0.94;0.95;0.94;468;0.81;0.75;0.78;122
0.94;0.95;0.94;468;0.79;0.76;0.78;122
0.93;0.95;0.94;468;0.80;0.73;0.76;122
0.94;0.95;0.94;468;0.79;0.76;0.78;122
0.94;0.94;0.94;468;0.78;0.79;0.78;122
0.9409999999999998;0.945;0.9409999999999996;468.0;0.7869999999999999;0.7729999999999999;0.78;122.0



Algorithm GradientBoostingClassifier
Confusion Matrices
TrueIrrelevant;FalseIrrelevant;FalseRelevant;TrueRelevant
447;21;35;87
447;21;32;90
447;21;32;90
447;21;31;91
450;18;34;88
447;21;35;87
447;21;34;88
447;21;32;90
447;21;33;89
448;20;36;86
447.4;20.6;33.4;88.6

Reports
I_Precision;I_Recall;I_F1;I_Support;R_Precision;R_Recall;R_F1;R_Support
0.93;0.96;0.94;468;0.81;0.71;0.76;122
0.93;0.96;0.94;468;0.81;0.74;0.77;122
0.93;0.96;0.94;468;0.81;0.74;0.77;122
0.94;0.96;0.95;468;0.81;0.75;0.78;122
0.93;0.96;0.95;468;0.83;0.72;0.77;122
0.93;0.96;0.94;468;0.81;0.71;0.76;122
0.93;0.96;0.94;468;0.81;0.72;0.76;122
0.93;0.96;0.94;468;0.81;0.74;0.77;122
0.93;0.96;0.94;468;0.81;0.73;0.77;122
0.93;0.96;0.94;468;0.81;0.70;0.75;122
0.9309999999999998;0.9600000000000002;0.9419999999999998;468.0;0.8120000000000003;0.7260000000000001;0.766;122.0



Algorithm GaussianNB
Confusion Matrices
TrueIrrelevant;FalseIrrelevant;FalseRelevant;TrueRelevant
339;129;52;70
339;129;52;70
339;129;52;70
339;129;52;70
339;129;52;70
339;129;52;70
339;129;52;70
339;129;52;70
339;129;52;70
339;129;52;70
339.0;129.0;52.0;70.0

Reports
I_Precision;I_Recall;I_F1;I_Support;R_Precision;R_Recall;R_F1;R_Support
0.87;0.72;0.79;468;0.35;0.57;0.44;122
0.87;0.72;0.79;468;0.35;0.57;0.44;122
0.87;0.72;0.79;468;0.35;0.57;0.44;122
0.87;0.72;0.79;468;0.35;0.57;0.44;122
0.87;0.72;0.79;468;0.35;0.57;0.44;122
0.87;0.72;0.79;468;0.35;0.57;0.44;122
0.87;0.72;0.79;468;0.35;0.57;0.44;122
0.87;0.72;0.79;468;0.35;0.57;0.44;122
0.87;0.72;0.79;468;0.35;0.57;0.44;122
0.87;0.72;0.79;468;0.35;0.57;0.44;122
0.8699999999999999;0.7199999999999999;0.79;468.0;0.35000000000000003;0.5700000000000001;0.44000000000000006;122.0



Algorithm MultinomialNB
Confusion Matrices
TrueIrrelevant;FalseIrrelevant;FalseRelevant;TrueRelevant
468;0;99;23
468;0;99;23
468;0;99;23
468;0;99;23
468;0;99;23
468;0;99;23
468;0;99;23
468;0;99;23
468;0;99;23
468;0;99;23
468.0;0.0;99.0;23.0

Reports
I_Precision;I_Recall;I_F1;I_Support;R_Precision;R_Recall;R_F1;R_Support
0.83;1.00;0.90;468;1.00;0.19;0.32;122
0.83;1.00;0.90;468;1.00;0.19;0.32;122
0.83;1.00;0.90;468;1.00;0.19;0.32;122
0.83;1.00;0.90;468;1.00;0.19;0.32;122
0.83;1.00;0.90;468;1.00;0.19;0.32;122
0.83;1.00;0.90;468;1.00;0.19;0.32;122
0.83;1.00;0.90;468;1.00;0.19;0.32;122
0.83;1.00;0.90;468;1.00;0.19;0.32;122
0.83;1.00;0.90;468;1.00;0.19;0.32;122
0.83;1.00;0.90;468;1.00;0.19;0.32;122
0.8299999999999998;1.0;0.9000000000000001;468.0;1.0;0.18999999999999997;0.31999999999999995;122.0



Algorithm BernoulliNB
Confusion Matrices
TrueIrrelevant;FalseIrrelevant;FalseRelevant;TrueRelevant
466;2;115;7
466;2;115;7
466;2;115;7
466;2;115;7
466;2;115;7
466;2;115;7
466;2;115;7
466;2;115;7
466;2;115;7
466;2;115;7
466.0;2.0;115.0;7.0

Reports
I_Precision;I_Recall;I_F1;I_Support;R_Precision;R_Recall;R_F1;R_Support
0.80;1.00;0.89;468;0.78;0.06;0.11;122
0.80;1.00;0.89;468;0.78;0.06;0.11;122
0.80;1.00;0.89;468;0.78;0.06;0.11;122
0.80;1.00;0.89;468;0.78;0.06;0.11;122
0.80;1.00;0.89;468;0.78;0.06;0.11;122
0.80;1.00;0.89;468;0.78;0.06;0.11;122
0.80;1.00;0.89;468;0.78;0.06;0.11;122
0.80;1.00;0.89;468;0.78;0.06;0.11;122
0.80;1.00;0.89;468;0.78;0.06;0.11;122
0.80;1.00;0.89;468;0.78;0.06;0.11;122
0.7999999999999999;1.0;0.89;468.0;0.7800000000000001;0.06000000000000001;0.11000000000000001;122.0



Algorithm ComplementNB
Confusion Matrices
TrueIrrelevant;FalseIrrelevant;FalseRelevant;TrueRelevant
454;14;60;62
454;14;60;62
454;14;60;62
454;14;60;62
454;14;60;62
454;14;60;62
454;14;60;62
454;14;60;62
454;14;60;62
454;14;60;62
454.0;14.0;60.0;62.0

Reports
I_Precision;I_Recall;I_F1;I_Support;R_Precision;R_Recall;R_F1;R_Support
0.88;0.97;0.92;468;0.82;0.51;0.63;122
0.88;0.97;0.92;468;0.82;0.51;0.63;122
0.88;0.97;0.92;468;0.82;0.51;0.63;122
0.88;0.97;0.92;468;0.82;0.51;0.63;122
0.88;0.97;0.92;468;0.82;0.51;0.63;122
0.88;0.97;0.92;468;0.82;0.51;0.63;122
0.88;0.97;0.92;468;0.82;0.51;0.63;122
0.88;0.97;0.92;468;0.82;0.51;0.63;122
0.88;0.97;0.92;468;0.82;0.51;0.63;122
0.88;0.97;0.92;468;0.82;0.51;0.63;122
0.8800000000000001;0.97;0.9200000000000002;468.0;0.8200000000000001;0.5099999999999999;0.63;122.0



Algorithm QuadraticDiscriminantAnalysis
Confusion Matrices
TrueIrrelevant;FalseIrrelevant;FalseRelevant;TrueRelevant
191;277;20;102
191;277;20;102
191;277;20;102
191;277;20;102
191;277;20;102
191;277;20;102
191;277;20;102
191;277;20;102
191;277;20;102
191;277;20;102
191.0;277.0;20.0;102.0

Reports
I_Precision;I_Recall;I_F1;I_Support;R_Precision;R_Recall;R_F1;R_Support
0.91;0.41;0.56;468;0.27;0.84;0.41;122
0.91;0.41;0.56;468;0.27;0.84;0.41;122
0.91;0.41;0.56;468;0.27;0.84;0.41;122
0.91;0.41;0.56;468;0.27;0.84;0.41;122
0.91;0.41;0.56;468;0.27;0.84;0.41;122
0.91;0.41;0.56;468;0.27;0.84;0.41;122
0.91;0.41;0.56;468;0.27;0.84;0.41;122
0.91;0.41;0.56;468;0.27;0.84;0.41;122
0.91;0.41;0.56;468;0.27;0.84;0.41;122
0.91;0.41;0.56;468;0.27;0.84;0.41;122
0.9099999999999999;0.41000000000000003;0.5600000000000002;468.0;0.27;0.8400000000000001;0.41000000000000003;122.0



Algorithm LinearDiscriminantAnalysis
Confusion Matrices
TrueIrrelevant;FalseIrrelevant;FalseRelevant;TrueRelevant
329;139;61;61
329;139;61;61
329;139;61;61
329;139;61;61
329;139;61;61
329;139;61;61
329;139;61;61
329;139;61;61
329;139;61;61
329;139;61;61
329.0;139.0;61.0;61.0

Reports
I_Precision;I_Recall;I_F1;I_Support;R_Precision;R_Recall;R_F1;R_Support
0.84;0.70;0.77;468;0.30;0.50;0.38;122
0.84;0.70;0.77;468;0.30;0.50;0.38;122
0.84;0.70;0.77;468;0.30;0.50;0.38;122
0.84;0.70;0.77;468;0.30;0.50;0.38;122
0.84;0.70;0.77;468;0.30;0.50;0.38;122
0.84;0.70;0.77;468;0.30;0.50;0.38;122
0.84;0.70;0.77;468;0.30;0.50;0.38;122
0.84;0.70;0.77;468;0.30;0.50;0.38;122
0.84;0.70;0.77;468;0.30;0.50;0.38;122
0.84;0.70;0.77;468;0.30;0.50;0.38;122
0.8400000000000001;0.7000000000000001;0.7699999999999999;468.0;0.29999999999999993;0.5;0.37999999999999995;122.0



Algorithm SGDClassifier
Confusion Matrices
TrueIrrelevant;FalseIrrelevant;FalseRelevant;TrueRelevant
443;25;35;87
447;21;42;80
435;33;30;92
440;28;34;88
435;33;28;94
440;28;35;87
442;26;34;88
436;32;28;94
446;22;40;82
446;22;41;81
441.0;27.0;34.7;87.3

Reports
I_Precision;I_Recall;I_F1;I_Support;R_Precision;R_Recall;R_F1;R_Support
0.93;0.95;0.94;468;0.78;0.71;0.74;122
0.91;0.96;0.93;468;0.79;0.66;0.72;122
0.94;0.93;0.93;468;0.74;0.75;0.74;122
0.93;0.94;0.93;468;0.76;0.72;0.74;122
0.94;0.93;0.93;468;0.74;0.77;0.76;122
0.93;0.94;0.93;468;0.76;0.71;0.73;122
0.93;0.94;0.94;468;0.77;0.72;0.75;122
0.94;0.93;0.94;468;0.75;0.77;0.76;122
0.92;0.95;0.94;468;0.79;0.67;0.73;122
0.92;0.95;0.93;468;0.79;0.66;0.72;122
0.9289999999999999;0.9419999999999998;0.9339999999999998;468.0;0.767;0.7140000000000001;0.739;122.0



Algorithm RidgeClassifier
Confusion Matrices
TrueIrrelevant;FalseIrrelevant;FalseRelevant;TrueRelevant
457;11;45;77
457;11;45;77
457;11;45;77
457;11;45;77
457;11;45;77
457;11;45;77
457;11;45;77
457;11;45;77
457;11;45;77
457;11;45;77
457.0;11.0;45.0;77.0

Reports
I_Precision;I_Recall;I_F1;I_Support;R_Precision;R_Recall;R_F1;R_Support
0.91;0.98;0.94;468;0.88;0.63;0.73;122
0.91;0.98;0.94;468;0.88;0.63;0.73;122
0.91;0.98;0.94;468;0.88;0.63;0.73;122
0.91;0.98;0.94;468;0.88;0.63;0.73;122
0.91;0.98;0.94;468;0.88;0.63;0.73;122
0.91;0.98;0.94;468;0.88;0.63;0.73;122
0.91;0.98;0.94;468;0.88;0.63;0.73;122
0.91;0.98;0.94;468;0.88;0.63;0.73;122
0.91;0.98;0.94;468;0.88;0.63;0.73;122
0.91;0.98;0.94;468;0.88;0.63;0.73;122
0.9099999999999999;0.9800000000000002;0.9399999999999997;468.0;0.8800000000000001;0.63;0.7300000000000001;122.0



Algorithm PassiveAggressiveClassifier
Confusion Matrices
TrueIrrelevant;FalseIrrelevant;FalseRelevant;TrueRelevant
446;22;42;80
432;36;31;91
444;24;41;81
443;25;36;86
444;24;40;82
443;25;37;85
448;20;41;81
446;22;35;87
444;24;38;84
446;22;37;85
443.6;24.4;37.8;84.2

Reports
I_Precision;I_Recall;I_F1;I_Support;R_Precision;R_Recall;R_F1;R_Support
0.91;0.95;0.93;468;0.78;0.66;0.71;122
0.93;0.92;0.93;468;0.72;0.75;0.73;122
0.92;0.95;0.93;468;0.77;0.66;0.71;122
0.92;0.95;0.94;468;0.77;0.70;0.74;122
0.92;0.95;0.93;468;0.77;0.67;0.72;122
0.92;0.95;0.93;468;0.77;0.70;0.73;122
0.92;0.96;0.94;468;0.80;0.66;0.73;122
0.93;0.95;0.94;468;0.80;0.71;0.75;122
0.92;0.95;0.93;468;0.78;0.69;0.73;122
0.92;0.95;0.94;468;0.79;0.70;0.74;122
0.921;0.9480000000000001;0.9339999999999998;468.0;0.775;0.6900000000000002;0.7290000000000001;122.0



