Algorithm MLPClassifier
Confusion Matrices
TrueIrrelevant;FalseIrrelevant;FalseRelevant;TrueRelevant
435;33;34;88
434;34;32;90
434;34;32;90
433;35;31;91
434;34;32;90
434;34;32;90
434;34;32;90
435;33;31;91
434;34;33;89
435;33;32;90
434.2;33.8;32.1;89.9

Reports
I_Precision;I_Recall;I_F1;I_Support;R_Precision;R_Recall;R_F1;R_Support
0.93;0.93;0.93;468;0.73;0.72;0.72;122
0.93;0.93;0.93;468;0.73;0.74;0.73;122
0.93;0.93;0.93;468;0.73;0.74;0.73;122
0.93;0.93;0.93;468;0.72;0.75;0.73;122
0.93;0.93;0.93;468;0.73;0.74;0.73;122
0.93;0.93;0.93;468;0.73;0.74;0.73;122
0.93;0.93;0.93;468;0.73;0.74;0.73;122
0.93;0.93;0.93;468;0.73;0.75;0.74;122
0.93;0.93;0.93;468;0.72;0.73;0.73;122
0.93;0.93;0.93;468;0.73;0.74;0.73;122
0.9299999999999999;0.9299999999999999;0.9299999999999999;468.0;0.728;0.7390000000000001;0.7300000000000001;122.0



Algorithm KNeighborsClassifier
Confusion Matrices
TrueIrrelevant;FalseIrrelevant;FalseRelevant;TrueRelevant
456;12;48;74
456;12;48;74
456;12;48;74
456;12;48;74
456;12;48;74
456;12;48;74
456;12;48;74
456;12;48;74
456;12;48;74
456;12;48;74
456.0;12.0;48.0;74.0

Reports
I_Precision;I_Recall;I_F1;I_Support;R_Precision;R_Recall;R_F1;R_Support
0.90;0.97;0.94;468;0.86;0.61;0.71;122
0.90;0.97;0.94;468;0.86;0.61;0.71;122
0.90;0.97;0.94;468;0.86;0.61;0.71;122
0.90;0.97;0.94;468;0.86;0.61;0.71;122
0.90;0.97;0.94;468;0.86;0.61;0.71;122
0.90;0.97;0.94;468;0.86;0.61;0.71;122
0.90;0.97;0.94;468;0.86;0.61;0.71;122
0.90;0.97;0.94;468;0.86;0.61;0.71;122
0.90;0.97;0.94;468;0.86;0.61;0.71;122
0.90;0.97;0.94;468;0.86;0.61;0.71;122
0.9000000000000001;0.97;0.9399999999999997;468.0;0.8600000000000001;0.6100000000000001;0.71;122.0



Algorithm SVC
Confusion Matrices
TrueIrrelevant;FalseIrrelevant;FalseRelevant;TrueRelevant
447;21;43;79
447;21;43;79
447;21;43;79
447;21;43;79
447;21;43;79
447;21;43;79
447;21;43;79
447;21;43;79
447;21;43;79
447;21;43;79
447.0;21.0;43.0;79.0

Reports
I_Precision;I_Recall;I_F1;I_Support;R_Precision;R_Recall;R_F1;R_Support
0.91;0.96;0.93;468;0.79;0.65;0.71;122
0.91;0.96;0.93;468;0.79;0.65;0.71;122
0.91;0.96;0.93;468;0.79;0.65;0.71;122
0.91;0.96;0.93;468;0.79;0.65;0.71;122
0.91;0.96;0.93;468;0.79;0.65;0.71;122
0.91;0.96;0.93;468;0.79;0.65;0.71;122
0.91;0.96;0.93;468;0.79;0.65;0.71;122
0.91;0.96;0.93;468;0.79;0.65;0.71;122
0.91;0.96;0.93;468;0.79;0.65;0.71;122
0.91;0.96;0.93;468;0.79;0.65;0.71;122
0.9099999999999999;0.9600000000000002;0.9299999999999999;468.0;0.79;0.6500000000000001;0.71;122.0



Algorithm LinearSVC
Confusion Matrices
TrueIrrelevant;FalseIrrelevant;FalseRelevant;TrueRelevant
435;33;31;91
435;33;31;91
435;33;31;91
435;33;31;91
435;33;31;91
435;33;31;91
435;33;31;91
435;33;31;91
435;33;31;91
435;33;31;91
435.0;33.0;31.0;91.0

Reports
I_Precision;I_Recall;I_F1;I_Support;R_Precision;R_Recall;R_F1;R_Support
0.93;0.93;0.93;468;0.73;0.75;0.74;122
0.93;0.93;0.93;468;0.73;0.75;0.74;122
0.93;0.93;0.93;468;0.73;0.75;0.74;122
0.93;0.93;0.93;468;0.73;0.75;0.74;122
0.93;0.93;0.93;468;0.73;0.75;0.74;122
0.93;0.93;0.93;468;0.73;0.75;0.74;122
0.93;0.93;0.93;468;0.73;0.75;0.74;122
0.93;0.93;0.93;468;0.73;0.75;0.74;122
0.93;0.93;0.93;468;0.73;0.75;0.74;122
0.93;0.93;0.93;468;0.73;0.75;0.74;122
0.9299999999999999;0.9299999999999999;0.9299999999999999;468.0;0.7300000000000001;0.75;0.7400000000000001;122.0



Algorithm GaussianProcessClassifier
Confusion Matrices
TrueIrrelevant;FalseIrrelevant;FalseRelevant;TrueRelevant
460;8;61;61
460;8;61;61
460;8;61;61
460;8;61;61
460;8;61;61
460;8;61;61
460;8;61;61
460;8;61;61
460;8;61;61
460;8;61;61
460.0;8.0;61.0;61.0

Reports
I_Precision;I_Recall;I_F1;I_Support;R_Precision;R_Recall;R_F1;R_Support
0.88;0.98;0.93;468;0.88;0.50;0.64;122
0.88;0.98;0.93;468;0.88;0.50;0.64;122
0.88;0.98;0.93;468;0.88;0.50;0.64;122
0.88;0.98;0.93;468;0.88;0.50;0.64;122
0.88;0.98;0.93;468;0.88;0.50;0.64;122
0.88;0.98;0.93;468;0.88;0.50;0.64;122
0.88;0.98;0.93;468;0.88;0.50;0.64;122
0.88;0.98;0.93;468;0.88;0.50;0.64;122
0.88;0.98;0.93;468;0.88;0.50;0.64;122
0.88;0.98;0.93;468;0.88;0.50;0.64;122
0.8800000000000001;0.9800000000000002;0.9299999999999999;468.0;0.8800000000000001;0.5;0.6399999999999999;122.0



Algorithm DecisionTreeClassifier
Confusion Matrices
TrueIrrelevant;FalseIrrelevant;FalseRelevant;TrueRelevant
425;43;26;96
428;40;27;95
434;34;28;94
428;40;28;94
431;37;26;96
429;39;28;94
431;37;26;96
433;35;29;93
425;43;25;97
428;40;29;93
429.2;38.8;27.2;94.8

Reports
I_Precision;I_Recall;I_F1;I_Support;R_Precision;R_Recall;R_F1;R_Support
0.94;0.91;0.92;468;0.69;0.79;0.74;122
0.94;0.91;0.93;468;0.70;0.78;0.74;122
0.94;0.93;0.93;468;0.73;0.77;0.75;122
0.94;0.91;0.93;468;0.70;0.77;0.73;122
0.94;0.92;0.93;468;0.72;0.79;0.75;122
0.94;0.92;0.93;468;0.71;0.77;0.74;122
0.94;0.92;0.93;468;0.72;0.79;0.75;122
0.94;0.93;0.93;468;0.73;0.76;0.74;122
0.94;0.91;0.93;468;0.69;0.80;0.74;122
0.94;0.91;0.93;468;0.70;0.76;0.73;122
0.9399999999999997;0.917;0.9289999999999999;468.0;0.7089999999999999;0.7779999999999999;0.741;122.0



Algorithm ExtraTreeClassifier
Confusion Matrices
TrueIrrelevant;FalseIrrelevant;FalseRelevant;TrueRelevant
401;67;45;77
407;61;42;80
420;48;49;73
403;65;36;86
421;47;43;79
424;44;45;77
421;47;42;80
411;57;47;75
405;63;38;84
420;48;39;83
413.3;54.7;42.6;79.4

Reports
I_Precision;I_Recall;I_F1;I_Support;R_Precision;R_Recall;R_F1;R_Support
0.90;0.86;0.88;468;0.53;0.63;0.58;122
0.91;0.87;0.89;468;0.57;0.66;0.61;122
0.90;0.90;0.90;468;0.60;0.60;0.60;122
0.92;0.86;0.89;468;0.57;0.70;0.63;122
0.91;0.90;0.90;468;0.63;0.65;0.64;122
0.90;0.91;0.91;468;0.64;0.63;0.63;122
0.91;0.90;0.90;468;0.63;0.66;0.64;122
0.90;0.88;0.89;468;0.57;0.61;0.59;122
0.91;0.87;0.89;468;0.57;0.69;0.62;122
0.92;0.90;0.91;468;0.63;0.68;0.66;122
0.908;0.885;0.8960000000000001;468.0;0.5940000000000001;0.651;0.62;122.0



Algorithm RandomForestClassifier
Confusion Matrices
TrueIrrelevant;FalseIrrelevant;FalseRelevant;TrueRelevant
453;15;35;87
453;15;38;84
454;14;39;83
452;16;37;85
455;13;39;83
455;13;38;84
452;16;36;86
453;15;39;83
455;13;37;85
454;14;40;82
453.6;14.4;37.8;84.2

Reports
I_Precision;I_Recall;I_F1;I_Support;R_Precision;R_Recall;R_F1;R_Support
0.93;0.97;0.95;468;0.85;0.71;0.78;122
0.92;0.97;0.94;468;0.85;0.69;0.76;122
0.92;0.97;0.94;468;0.86;0.68;0.76;122
0.92;0.97;0.94;468;0.84;0.70;0.76;122
0.92;0.97;0.95;468;0.86;0.68;0.76;122
0.92;0.97;0.95;468;0.87;0.69;0.77;122
0.93;0.97;0.95;468;0.84;0.70;0.77;122
0.92;0.97;0.94;468;0.85;0.68;0.75;122
0.92;0.97;0.95;468;0.87;0.70;0.77;122
0.92;0.97;0.94;468;0.85;0.67;0.75;122
0.922;0.97;0.945;468.0;0.8539999999999999;0.6900000000000001;0.7629999999999999;122.0



Algorithm AdaBoostClassifier
Confusion Matrices
TrueIrrelevant;FalseIrrelevant;FalseRelevant;TrueRelevant
448;20;30;92
448;20;30;92
448;20;30;92
448;20;30;92
448;20;30;92
448;20;30;92
448;20;30;92
448;20;30;92
448;20;30;92
448;20;30;92
448.0;20.0;30.0;92.0

Reports
I_Precision;I_Recall;I_F1;I_Support;R_Precision;R_Recall;R_F1;R_Support
0.94;0.96;0.95;468;0.82;0.75;0.79;122
0.94;0.96;0.95;468;0.82;0.75;0.79;122
0.94;0.96;0.95;468;0.82;0.75;0.79;122
0.94;0.96;0.95;468;0.82;0.75;0.79;122
0.94;0.96;0.95;468;0.82;0.75;0.79;122
0.94;0.96;0.95;468;0.82;0.75;0.79;122
0.94;0.96;0.95;468;0.82;0.75;0.79;122
0.94;0.96;0.95;468;0.82;0.75;0.79;122
0.94;0.96;0.95;468;0.82;0.75;0.79;122
0.94;0.96;0.95;468;0.82;0.75;0.79;122
0.9399999999999997;0.9600000000000002;0.95;468.0;0.8200000000000001;0.75;0.79;122.0



Algorithm BaggingClassifier
Confusion Matrices
TrueIrrelevant;FalseIrrelevant;FalseRelevant;TrueRelevant
441;27;30;92
439;29;27;95
448;20;30;92
438;30;32;90
435;33;28;94
440;28;33;89
441;27;28;94
438;30;34;88
438;30;33;89
442;26;28;94
440.0;28.0;30.3;91.7

Reports
I_Precision;I_Recall;I_F1;I_Support;R_Precision;R_Recall;R_F1;R_Support
0.94;0.94;0.94;468;0.77;0.75;0.76;122
0.94;0.94;0.94;468;0.77;0.78;0.77;122
0.94;0.96;0.95;468;0.82;0.75;0.79;122
0.93;0.94;0.93;468;0.75;0.74;0.74;122
0.94;0.93;0.93;468;0.74;0.77;0.76;122
0.93;0.94;0.94;468;0.76;0.73;0.74;122
0.94;0.94;0.94;468;0.78;0.77;0.77;122
0.93;0.94;0.93;468;0.75;0.72;0.73;122
0.93;0.94;0.93;468;0.75;0.73;0.74;122
0.94;0.94;0.94;468;0.78;0.77;0.78;122
0.9359999999999997;0.9409999999999998;0.9369999999999999;468.0;0.767;0.751;0.7580000000000001;122.0



Algorithm GradientBoostingClassifier
Confusion Matrices
TrueIrrelevant;FalseIrrelevant;FalseRelevant;TrueRelevant
447;21;30;92
447;21;31;91
446;22;30;92
446;22;31;91
448;20;31;91
447;21;30;92
448;20;31;91
446;22;30;92
446;22;31;91
447;21;30;92
446.8;21.2;30.5;91.5

Reports
I_Precision;I_Recall;I_F1;I_Support;R_Precision;R_Recall;R_F1;R_Support
0.94;0.96;0.95;468;0.81;0.75;0.78;122
0.94;0.96;0.95;468;0.81;0.75;0.78;122
0.94;0.95;0.94;468;0.81;0.75;0.78;122
0.94;0.95;0.94;468;0.81;0.75;0.77;122
0.94;0.96;0.95;468;0.82;0.75;0.78;122
0.94;0.96;0.95;468;0.81;0.75;0.78;122
0.94;0.96;0.95;468;0.82;0.75;0.78;122
0.94;0.95;0.94;468;0.81;0.75;0.78;122
0.94;0.95;0.94;468;0.81;0.75;0.77;122
0.94;0.96;0.95;468;0.81;0.75;0.78;122
0.9399999999999997;0.9559999999999998;0.946;468.0;0.8120000000000003;0.75;0.778;122.0



Algorithm GaussianNB
Confusion Matrices
TrueIrrelevant;FalseIrrelevant;FalseRelevant;TrueRelevant
331;137;51;71
331;137;51;71
331;137;51;71
331;137;51;71
331;137;51;71
331;137;51;71
331;137;51;71
331;137;51;71
331;137;51;71
331;137;51;71
331.0;137.0;51.0;71.0

Reports
I_Precision;I_Recall;I_F1;I_Support;R_Precision;R_Recall;R_F1;R_Support
0.87;0.71;0.78;468;0.34;0.58;0.43;122
0.87;0.71;0.78;468;0.34;0.58;0.43;122
0.87;0.71;0.78;468;0.34;0.58;0.43;122
0.87;0.71;0.78;468;0.34;0.58;0.43;122
0.87;0.71;0.78;468;0.34;0.58;0.43;122
0.87;0.71;0.78;468;0.34;0.58;0.43;122
0.87;0.71;0.78;468;0.34;0.58;0.43;122
0.87;0.71;0.78;468;0.34;0.58;0.43;122
0.87;0.71;0.78;468;0.34;0.58;0.43;122
0.87;0.71;0.78;468;0.34;0.58;0.43;122
0.8699999999999999;0.71;0.7800000000000001;468.0;0.33999999999999997;0.58;0.43000000000000005;122.0



Algorithm MultinomialNB
Confusion Matrices
TrueIrrelevant;FalseIrrelevant;FalseRelevant;TrueRelevant
457;11;53;69
457;11;53;69
457;11;53;69
457;11;53;69
457;11;53;69
457;11;53;69
457;11;53;69
457;11;53;69
457;11;53;69
457;11;53;69
457.0;11.0;53.0;69.0

Reports
I_Precision;I_Recall;I_F1;I_Support;R_Precision;R_Recall;R_F1;R_Support
0.90;0.98;0.93;468;0.86;0.57;0.68;122
0.90;0.98;0.93;468;0.86;0.57;0.68;122
0.90;0.98;0.93;468;0.86;0.57;0.68;122
0.90;0.98;0.93;468;0.86;0.57;0.68;122
0.90;0.98;0.93;468;0.86;0.57;0.68;122
0.90;0.98;0.93;468;0.86;0.57;0.68;122
0.90;0.98;0.93;468;0.86;0.57;0.68;122
0.90;0.98;0.93;468;0.86;0.57;0.68;122
0.90;0.98;0.93;468;0.86;0.57;0.68;122
0.90;0.98;0.93;468;0.86;0.57;0.68;122
0.9000000000000001;0.9800000000000002;0.9299999999999999;468.0;0.8600000000000001;0.5700000000000001;0.6799999999999999;122.0



Algorithm BernoulliNB
Confusion Matrices
TrueIrrelevant;FalseIrrelevant;FalseRelevant;TrueRelevant
466;2;115;7
466;2;115;7
466;2;115;7
466;2;115;7
466;2;115;7
466;2;115;7
466;2;115;7
466;2;115;7
466;2;115;7
466;2;115;7
466.0;2.0;115.0;7.0

Reports
I_Precision;I_Recall;I_F1;I_Support;R_Precision;R_Recall;R_F1;R_Support
0.80;1.00;0.89;468;0.78;0.06;0.11;122
0.80;1.00;0.89;468;0.78;0.06;0.11;122
0.80;1.00;0.89;468;0.78;0.06;0.11;122
0.80;1.00;0.89;468;0.78;0.06;0.11;122
0.80;1.00;0.89;468;0.78;0.06;0.11;122
0.80;1.00;0.89;468;0.78;0.06;0.11;122
0.80;1.00;0.89;468;0.78;0.06;0.11;122
0.80;1.00;0.89;468;0.78;0.06;0.11;122
0.80;1.00;0.89;468;0.78;0.06;0.11;122
0.80;1.00;0.89;468;0.78;0.06;0.11;122
0.7999999999999999;1.0;0.89;468.0;0.7800000000000001;0.06000000000000001;0.11000000000000001;122.0



Algorithm ComplementNB
Confusion Matrices
TrueIrrelevant;FalseIrrelevant;FalseRelevant;TrueRelevant
434;34;36;86
434;34;36;86
434;34;36;86
434;34;36;86
434;34;36;86
434;34;36;86
434;34;36;86
434;34;36;86
434;34;36;86
434;34;36;86
434.0;34.0;36.0;86.0

Reports
I_Precision;I_Recall;I_F1;I_Support;R_Precision;R_Recall;R_F1;R_Support
0.92;0.93;0.93;468;0.72;0.70;0.71;122
0.92;0.93;0.93;468;0.72;0.70;0.71;122
0.92;0.93;0.93;468;0.72;0.70;0.71;122
0.92;0.93;0.93;468;0.72;0.70;0.71;122
0.92;0.93;0.93;468;0.72;0.70;0.71;122
0.92;0.93;0.93;468;0.72;0.70;0.71;122
0.92;0.93;0.93;468;0.72;0.70;0.71;122
0.92;0.93;0.93;468;0.72;0.70;0.71;122
0.92;0.93;0.93;468;0.72;0.70;0.71;122
0.92;0.93;0.93;468;0.72;0.70;0.71;122
0.9200000000000002;0.9299999999999999;0.9299999999999999;468.0;0.7199999999999999;0.7000000000000001;0.71;122.0



Algorithm QuadraticDiscriminantAnalysis
Confusion Matrices
TrueIrrelevant;FalseIrrelevant;FalseRelevant;TrueRelevant
429;39;85;37
429;39;85;37
429;39;85;37
429;39;85;37
429;39;85;37
429;39;85;37
429;39;85;37
429;39;85;37
429;39;85;37
429;39;85;37
429.0;39.0;85.0;37.0

Reports
I_Precision;I_Recall;I_F1;I_Support;R_Precision;R_Recall;R_F1;R_Support
0.83;0.92;0.87;468;0.49;0.30;0.37;122
0.83;0.92;0.87;468;0.49;0.30;0.37;122
0.83;0.92;0.87;468;0.49;0.30;0.37;122
0.83;0.92;0.87;468;0.49;0.30;0.37;122
0.83;0.92;0.87;468;0.49;0.30;0.37;122
0.83;0.92;0.87;468;0.49;0.30;0.37;122
0.83;0.92;0.87;468;0.49;0.30;0.37;122
0.83;0.92;0.87;468;0.49;0.30;0.37;122
0.83;0.92;0.87;468;0.49;0.30;0.37;122
0.83;0.92;0.87;468;0.49;0.30;0.37;122
0.8299999999999998;0.9200000000000002;0.8699999999999999;468.0;0.4900000000000001;0.29999999999999993;0.37000000000000005;122.0



Algorithm LinearDiscriminantAnalysis
Confusion Matrices
TrueIrrelevant;FalseIrrelevant;FalseRelevant;TrueRelevant
312;156;53;69
312;156;53;69
312;156;53;69
312;156;53;69
312;156;53;69
312;156;53;69
312;156;53;69
312;156;53;69
312;156;53;69
312;156;53;69
312.0;156.0;53.0;69.0

Reports
I_Precision;I_Recall;I_F1;I_Support;R_Precision;R_Recall;R_F1;R_Support
0.85;0.67;0.75;468;0.31;0.57;0.40;122
0.85;0.67;0.75;468;0.31;0.57;0.40;122
0.85;0.67;0.75;468;0.31;0.57;0.40;122
0.85;0.67;0.75;468;0.31;0.57;0.40;122
0.85;0.67;0.75;468;0.31;0.57;0.40;122
0.85;0.67;0.75;468;0.31;0.57;0.40;122
0.85;0.67;0.75;468;0.31;0.57;0.40;122
0.85;0.67;0.75;468;0.31;0.57;0.40;122
0.85;0.67;0.75;468;0.31;0.57;0.40;122
0.85;0.67;0.75;468;0.31;0.57;0.40;122
0.8499999999999999;0.67;0.75;468.0;0.31;0.5700000000000001;0.39999999999999997;122.0



Algorithm SGDClassifier
Confusion Matrices
TrueIrrelevant;FalseIrrelevant;FalseRelevant;TrueRelevant
434;34;29;93
431;37;34;88
433;35;31;91
443;25;37;85
439;29;39;83
446;22;38;84
439;29;38;84
435;33;35;87
445;23;33;89
446;22;40;82
439.1;28.9;35.4;86.6

Reports
I_Precision;I_Recall;I_F1;I_Support;R_Precision;R_Recall;R_F1;R_Support
0.94;0.93;0.93;468;0.73;0.76;0.75;122
0.93;0.92;0.92;468;0.70;0.72;0.71;122
0.93;0.93;0.93;468;0.72;0.75;0.73;122
0.92;0.95;0.93;468;0.77;0.70;0.73;122
0.92;0.94;0.93;468;0.74;0.68;0.71;122
0.92;0.95;0.94;468;0.79;0.69;0.74;122
0.92;0.94;0.93;468;0.74;0.69;0.71;122
0.93;0.93;0.93;468;0.72;0.71;0.72;122
0.93;0.95;0.94;468;0.79;0.73;0.76;122
0.92;0.95;0.94;468;0.79;0.67;0.73;122
0.9259999999999999;0.9389999999999998;0.9319999999999998;468.0;0.749;0.71;0.7289999999999999;122.0



Algorithm RidgeClassifier
Confusion Matrices
TrueIrrelevant;FalseIrrelevant;FalseRelevant;TrueRelevant
423;45;26;96
423;45;26;96
423;45;26;96
423;45;26;96
423;45;26;96
423;45;26;96
423;45;26;96
423;45;26;96
423;45;26;96
423;45;26;96
423.0;45.0;26.0;96.0

Reports
I_Precision;I_Recall;I_F1;I_Support;R_Precision;R_Recall;R_F1;R_Support
0.94;0.90;0.92;468;0.68;0.79;0.73;122
0.94;0.90;0.92;468;0.68;0.79;0.73;122
0.94;0.90;0.92;468;0.68;0.79;0.73;122
0.94;0.90;0.92;468;0.68;0.79;0.73;122
0.94;0.90;0.92;468;0.68;0.79;0.73;122
0.94;0.90;0.92;468;0.68;0.79;0.73;122
0.94;0.90;0.92;468;0.68;0.79;0.73;122
0.94;0.90;0.92;468;0.68;0.79;0.73;122
0.94;0.90;0.92;468;0.68;0.79;0.73;122
0.94;0.90;0.92;468;0.68;0.79;0.73;122
0.9399999999999997;0.9000000000000001;0.9200000000000002;468.0;0.6799999999999999;0.79;0.7300000000000001;122.0



Algorithm PassiveAggressiveClassifier
Confusion Matrices
TrueIrrelevant;FalseIrrelevant;FalseRelevant;TrueRelevant
430;38;34;88
448;20;38;84
436;32;34;88
441;27;37;85
418;50;28;94
438;30;33;89
450;18;37;85
437;31;34;88
432;36;35;87
429;39;34;88
435.9;32.1;34.4;87.6

Reports
I_Precision;I_Recall;I_F1;I_Support;R_Precision;R_Recall;R_F1;R_Support
0.93;0.92;0.92;468;0.70;0.72;0.71;122
0.92;0.96;0.94;468;0.81;0.69;0.74;122
0.93;0.93;0.93;468;0.73;0.72;0.73;122
0.92;0.94;0.93;468;0.76;0.70;0.73;122
0.94;0.89;0.91;468;0.65;0.77;0.71;122
0.93;0.94;0.93;468;0.75;0.73;0.74;122
0.92;0.96;0.94;468;0.83;0.70;0.76;122
0.93;0.93;0.93;468;0.74;0.72;0.73;122
0.93;0.92;0.92;468;0.71;0.71;0.71;122
0.93;0.92;0.92;468;0.69;0.72;0.71;122
0.9279999999999999;0.931;0.9269999999999999;468.0;0.7370000000000001;0.718;0.727;122.0



