Algorithm MLPClassifier
Confusion Matrices
TrueIrrelevant;FalseIrrelevant;FalseRelevant;TrueRelevant
450;18;37;85
450;18;38;84
451;17;38;84
450;18;39;83
451;17;38;84
451;17;39;83
451;17;38;84
449;19;38;84
450;18;37;85
448;20;37;85
450.1;17.9;37.9;84.1

Reports
I_Precision;I_Recall;I_F1;I_Support;R_Precision;R_Recall;R_F1;R_Support
0.92;0.96;0.94;468;0.83;0.70;0.76;122
0.92;0.96;0.94;468;0.82;0.69;0.75;122
0.92;0.96;0.94;468;0.83;0.69;0.75;122
0.92;0.96;0.94;468;0.82;0.68;0.74;122
0.92;0.96;0.94;468;0.83;0.69;0.75;122
0.92;0.96;0.94;468;0.83;0.68;0.75;122
0.92;0.96;0.94;468;0.83;0.69;0.75;122
0.92;0.96;0.94;468;0.82;0.69;0.75;122
0.92;0.96;0.94;468;0.83;0.70;0.76;122
0.92;0.96;0.94;468;0.81;0.70;0.75;122
0.9200000000000002;0.9600000000000002;0.9399999999999997;468.0;0.825;0.6910000000000001;0.751;122.0



Algorithm KNeighborsClassifier
Confusion Matrices
TrueIrrelevant;FalseIrrelevant;FalseRelevant;TrueRelevant
451;17;52;70
451;17;52;70
451;17;52;70
451;17;52;70
451;17;52;70
451;17;52;70
451;17;52;70
451;17;52;70
451;17;52;70
451;17;52;70
451.0;17.0;52.0;70.0

Reports
I_Precision;I_Recall;I_F1;I_Support;R_Precision;R_Recall;R_F1;R_Support
0.90;0.96;0.93;468;0.80;0.57;0.67;122
0.90;0.96;0.93;468;0.80;0.57;0.67;122
0.90;0.96;0.93;468;0.80;0.57;0.67;122
0.90;0.96;0.93;468;0.80;0.57;0.67;122
0.90;0.96;0.93;468;0.80;0.57;0.67;122
0.90;0.96;0.93;468;0.80;0.57;0.67;122
0.90;0.96;0.93;468;0.80;0.57;0.67;122
0.90;0.96;0.93;468;0.80;0.57;0.67;122
0.90;0.96;0.93;468;0.80;0.57;0.67;122
0.90;0.96;0.93;468;0.80;0.57;0.67;122
0.9000000000000001;0.9600000000000002;0.9299999999999999;468.0;0.7999999999999999;0.5700000000000001;0.67;122.0



Algorithm SVC
Confusion Matrices
TrueIrrelevant;FalseIrrelevant;FalseRelevant;TrueRelevant
461;7;43;79
461;7;43;79
461;7;43;79
461;7;43;79
461;7;43;79
461;7;43;79
461;7;43;79
461;7;43;79
461;7;43;79
461;7;43;79
461.0;7.0;43.0;79.0

Reports
I_Precision;I_Recall;I_F1;I_Support;R_Precision;R_Recall;R_F1;R_Support
0.91;0.99;0.95;468;0.92;0.65;0.76;122
0.91;0.99;0.95;468;0.92;0.65;0.76;122
0.91;0.99;0.95;468;0.92;0.65;0.76;122
0.91;0.99;0.95;468;0.92;0.65;0.76;122
0.91;0.99;0.95;468;0.92;0.65;0.76;122
0.91;0.99;0.95;468;0.92;0.65;0.76;122
0.91;0.99;0.95;468;0.92;0.65;0.76;122
0.91;0.99;0.95;468;0.92;0.65;0.76;122
0.91;0.99;0.95;468;0.92;0.65;0.76;122
0.91;0.99;0.95;468;0.92;0.65;0.76;122
0.9099999999999999;0.99;0.95;468.0;0.9200000000000002;0.6500000000000001;0.7599999999999999;122.0



Algorithm LinearSVC
Confusion Matrices
TrueIrrelevant;FalseIrrelevant;FalseRelevant;TrueRelevant
445;23;32;90
445;23;32;90
445;23;32;90
445;23;32;90
445;23;32;90
445;23;32;90
445;23;32;90
445;23;32;90
445;23;32;90
445;23;32;90
445.0;23.0;32.0;90.0

Reports
I_Precision;I_Recall;I_F1;I_Support;R_Precision;R_Recall;R_F1;R_Support
0.93;0.95;0.94;468;0.80;0.74;0.77;122
0.93;0.95;0.94;468;0.80;0.74;0.77;122
0.93;0.95;0.94;468;0.80;0.74;0.77;122
0.93;0.95;0.94;468;0.80;0.74;0.77;122
0.93;0.95;0.94;468;0.80;0.74;0.77;122
0.93;0.95;0.94;468;0.80;0.74;0.77;122
0.93;0.95;0.94;468;0.80;0.74;0.77;122
0.93;0.95;0.94;468;0.80;0.74;0.77;122
0.93;0.95;0.94;468;0.80;0.74;0.77;122
0.93;0.95;0.94;468;0.80;0.74;0.77;122
0.9299999999999999;0.95;0.9399999999999997;468.0;0.7999999999999999;0.7400000000000001;0.7699999999999999;122.0



Algorithm GaussianProcessClassifier
Confusion Matrices
TrueIrrelevant;FalseIrrelevant;FalseRelevant;TrueRelevant
463;5;63;59
463;5;63;59
463;5;63;59
463;5;63;59
463;5;63;59
463;5;63;59
463;5;63;59
463;5;63;59
463;5;63;59
463;5;63;59
463.0;5.0;63.0;59.0

Reports
I_Precision;I_Recall;I_F1;I_Support;R_Precision;R_Recall;R_F1;R_Support
0.88;0.99;0.93;468;0.92;0.48;0.63;122
0.88;0.99;0.93;468;0.92;0.48;0.63;122
0.88;0.99;0.93;468;0.92;0.48;0.63;122
0.88;0.99;0.93;468;0.92;0.48;0.63;122
0.88;0.99;0.93;468;0.92;0.48;0.63;122
0.88;0.99;0.93;468;0.92;0.48;0.63;122
0.88;0.99;0.93;468;0.92;0.48;0.63;122
0.88;0.99;0.93;468;0.92;0.48;0.63;122
0.88;0.99;0.93;468;0.92;0.48;0.63;122
0.88;0.99;0.93;468;0.92;0.48;0.63;122
0.8800000000000001;0.99;0.9299999999999999;468.0;0.9200000000000002;0.4800000000000001;0.63;122.0



Algorithm DecisionTreeClassifier
Confusion Matrices
TrueIrrelevant;FalseIrrelevant;FalseRelevant;TrueRelevant
441;27;30;92
440;28;28;94
440;28;28;94
437;31;30;92
448;20;30;92
437;31;32;90
440;28;28;94
436;32;29;93
439;29;27;95
445;23;28;94
440.3;27.7;29.0;93.0

Reports
I_Precision;I_Recall;I_F1;I_Support;R_Precision;R_Recall;R_F1;R_Support
0.94;0.94;0.94;468;0.77;0.75;0.76;122
0.94;0.94;0.94;468;0.77;0.77;0.77;122
0.94;0.94;0.94;468;0.77;0.77;0.77;122
0.94;0.93;0.93;468;0.75;0.75;0.75;122
0.94;0.96;0.95;468;0.82;0.75;0.79;122
0.93;0.93;0.93;468;0.74;0.74;0.74;122
0.94;0.94;0.94;468;0.77;0.77;0.77;122
0.94;0.93;0.93;468;0.74;0.76;0.75;122
0.94;0.94;0.94;468;0.77;0.78;0.77;122
0.94;0.95;0.95;468;0.80;0.77;0.79;122
0.9389999999999997;0.9399999999999998;0.9389999999999998;468.0;0.77;0.7610000000000001;0.7659999999999999;122.0



Algorithm ExtraTreeClassifier
Confusion Matrices
TrueIrrelevant;FalseIrrelevant;FalseRelevant;TrueRelevant
414;54;46;76
430;38;43;79
423;45;51;71
414;54;39;83
413;55;46;76
415;53;32;90
419;49;36;86
414;54;41;81
414;54;35;87
404;64;43;79
416.0;52.0;41.2;80.8

Reports
I_Precision;I_Recall;I_F1;I_Support;R_Precision;R_Recall;R_F1;R_Support
0.90;0.88;0.89;468;0.58;0.62;0.60;122
0.91;0.92;0.91;468;0.68;0.65;0.66;122
0.89;0.90;0.90;468;0.61;0.58;0.60;122
0.91;0.88;0.90;468;0.61;0.68;0.64;122
0.90;0.88;0.89;468;0.58;0.62;0.60;122
0.93;0.89;0.91;468;0.63;0.74;0.68;122
0.92;0.90;0.91;468;0.64;0.70;0.67;122
0.91;0.88;0.90;468;0.60;0.66;0.63;122
0.92;0.88;0.90;468;0.62;0.71;0.66;122
0.90;0.86;0.88;468;0.55;0.65;0.60;122
0.9090000000000001;0.8869999999999999;0.8990000000000002;468.0;0.61;0.6610000000000001;0.634;122.0



Algorithm RandomForestClassifier
Confusion Matrices
TrueIrrelevant;FalseIrrelevant;FalseRelevant;TrueRelevant
459;9;35;87
459;9;34;88
460;8;35;87
460;8;37;85
460;8;35;87
460;8;35;87
460;8;35;87
459;9;34;88
459;9;37;85
459;9;38;84
459.5;8.5;35.5;86.5

Reports
I_Precision;I_Recall;I_F1;I_Support;R_Precision;R_Recall;R_F1;R_Support
0.93;0.98;0.95;468;0.91;0.71;0.80;122
0.93;0.98;0.96;468;0.91;0.72;0.80;122
0.93;0.98;0.96;468;0.92;0.71;0.80;122
0.93;0.98;0.95;468;0.91;0.70;0.79;122
0.93;0.98;0.96;468;0.92;0.71;0.80;122
0.93;0.98;0.96;468;0.92;0.71;0.80;122
0.93;0.98;0.96;468;0.92;0.71;0.80;122
0.93;0.98;0.96;468;0.91;0.72;0.80;122
0.93;0.98;0.95;468;0.90;0.70;0.79;122
0.92;0.98;0.95;468;0.90;0.69;0.78;122
0.9289999999999999;0.9800000000000002;0.9559999999999998;468.0;0.9120000000000001;0.708;0.796;122.0



Algorithm AdaBoostClassifier
Confusion Matrices
TrueIrrelevant;FalseIrrelevant;FalseRelevant;TrueRelevant
456;12;30;92
456;12;30;92
456;12;30;92
456;12;30;92
456;12;30;92
456;12;30;92
456;12;30;92
456;12;30;92
456;12;30;92
456;12;30;92
456.0;12.0;30.0;92.0

Reports
I_Precision;I_Recall;I_F1;I_Support;R_Precision;R_Recall;R_F1;R_Support
0.94;0.97;0.96;468;0.88;0.75;0.81;122
0.94;0.97;0.96;468;0.88;0.75;0.81;122
0.94;0.97;0.96;468;0.88;0.75;0.81;122
0.94;0.97;0.96;468;0.88;0.75;0.81;122
0.94;0.97;0.96;468;0.88;0.75;0.81;122
0.94;0.97;0.96;468;0.88;0.75;0.81;122
0.94;0.97;0.96;468;0.88;0.75;0.81;122
0.94;0.97;0.96;468;0.88;0.75;0.81;122
0.94;0.97;0.96;468;0.88;0.75;0.81;122
0.94;0.97;0.96;468;0.88;0.75;0.81;122
0.9399999999999997;0.97;0.9600000000000002;468.0;0.8800000000000001;0.75;0.8100000000000003;122.0



Algorithm BaggingClassifier
Confusion Matrices
TrueIrrelevant;FalseIrrelevant;FalseRelevant;TrueRelevant
450;18;32;90
450;18;31;91
446;22;34;88
451;17;31;91
451;17;32;90
451;17;34;88
450;18;30;92
448;20;33;89
446;22;33;89
453;15;29;93
449.6;18.4;31.9;90.1

Reports
I_Precision;I_Recall;I_F1;I_Support;R_Precision;R_Recall;R_F1;R_Support
0.93;0.96;0.95;468;0.83;0.74;0.78;122
0.94;0.96;0.95;468;0.83;0.75;0.79;122
0.93;0.95;0.94;468;0.80;0.72;0.76;122
0.94;0.96;0.95;468;0.84;0.75;0.79;122
0.93;0.96;0.95;468;0.84;0.74;0.79;122
0.93;0.96;0.95;468;0.84;0.72;0.78;122
0.94;0.96;0.95;468;0.84;0.75;0.79;122
0.93;0.96;0.94;468;0.82;0.73;0.77;122
0.93;0.95;0.94;468;0.80;0.73;0.76;122
0.94;0.97;0.95;468;0.86;0.76;0.81;122
0.9339999999999998;0.959;0.9469999999999998;468.0;0.8299999999999998;0.7390000000000001;0.782;122.0



Algorithm GradientBoostingClassifier
Confusion Matrices
TrueIrrelevant;FalseIrrelevant;FalseRelevant;TrueRelevant
457;11;32;90
456;12;30;92
458;10;32;90
456;12;32;90
457;11;33;89
456;12;31;91
457;11;32;90
455;13;32;90
455;13;32;90
456;12;31;91
456.3;11.7;31.7;90.3

Reports
I_Precision;I_Recall;I_F1;I_Support;R_Precision;R_Recall;R_F1;R_Support
0.93;0.98;0.96;468;0.89;0.74;0.81;122
0.94;0.97;0.96;468;0.88;0.75;0.81;122
0.93;0.98;0.96;468;0.90;0.74;0.81;122
0.93;0.97;0.95;468;0.88;0.74;0.80;122
0.93;0.98;0.95;468;0.89;0.73;0.80;122
0.94;0.97;0.95;468;0.88;0.75;0.81;122
0.93;0.98;0.96;468;0.89;0.74;0.81;122
0.93;0.97;0.95;468;0.87;0.74;0.80;122
0.93;0.97;0.95;468;0.87;0.74;0.80;122
0.94;0.97;0.95;468;0.88;0.75;0.81;122
0.9329999999999998;0.9739999999999999;0.954;468.0;0.883;0.742;0.806;122.0



Algorithm GaussianNB
Confusion Matrices
TrueIrrelevant;FalseIrrelevant;FalseRelevant;TrueRelevant
359;109;58;64
359;109;58;64
359;109;58;64
359;109;58;64
359;109;58;64
359;109;58;64
359;109;58;64
359;109;58;64
359;109;58;64
359;109;58;64
359.0;109.0;58.0;64.0

Reports
I_Precision;I_Recall;I_F1;I_Support;R_Precision;R_Recall;R_F1;R_Support
0.86;0.77;0.81;468;0.37;0.52;0.43;122
0.86;0.77;0.81;468;0.37;0.52;0.43;122
0.86;0.77;0.81;468;0.37;0.52;0.43;122
0.86;0.77;0.81;468;0.37;0.52;0.43;122
0.86;0.77;0.81;468;0.37;0.52;0.43;122
0.86;0.77;0.81;468;0.37;0.52;0.43;122
0.86;0.77;0.81;468;0.37;0.52;0.43;122
0.86;0.77;0.81;468;0.37;0.52;0.43;122
0.86;0.77;0.81;468;0.37;0.52;0.43;122
0.86;0.77;0.81;468;0.37;0.52;0.43;122
0.8600000000000001;0.7699999999999999;0.8100000000000003;468.0;0.37000000000000005;0.5199999999999999;0.43000000000000005;122.0



Algorithm MultinomialNB
Confusion Matrices
TrueIrrelevant;FalseIrrelevant;FalseRelevant;TrueRelevant
460;8;50;72
460;8;50;72
460;8;50;72
460;8;50;72
460;8;50;72
460;8;50;72
460;8;50;72
460;8;50;72
460;8;50;72
460;8;50;72
460.0;8.0;50.0;72.0

Reports
I_Precision;I_Recall;I_F1;I_Support;R_Precision;R_Recall;R_F1;R_Support
0.90;0.98;0.94;468;0.90;0.59;0.71;122
0.90;0.98;0.94;468;0.90;0.59;0.71;122
0.90;0.98;0.94;468;0.90;0.59;0.71;122
0.90;0.98;0.94;468;0.90;0.59;0.71;122
0.90;0.98;0.94;468;0.90;0.59;0.71;122
0.90;0.98;0.94;468;0.90;0.59;0.71;122
0.90;0.98;0.94;468;0.90;0.59;0.71;122
0.90;0.98;0.94;468;0.90;0.59;0.71;122
0.90;0.98;0.94;468;0.90;0.59;0.71;122
0.90;0.98;0.94;468;0.90;0.59;0.71;122
0.9000000000000001;0.9800000000000002;0.9399999999999997;468.0;0.9000000000000001;0.59;0.71;122.0



Algorithm BernoulliNB
Confusion Matrices
TrueIrrelevant;FalseIrrelevant;FalseRelevant;TrueRelevant
464;4;119;3
464;4;119;3
464;4;119;3
464;4;119;3
464;4;119;3
464;4;119;3
464;4;119;3
464;4;119;3
464;4;119;3
464;4;119;3
464.0;4.0;119.0;3.0

Reports
I_Precision;I_Recall;I_F1;I_Support;R_Precision;R_Recall;R_F1;R_Support
0.80;0.99;0.88;468;0.43;0.02;0.05;122
0.80;0.99;0.88;468;0.43;0.02;0.05;122
0.80;0.99;0.88;468;0.43;0.02;0.05;122
0.80;0.99;0.88;468;0.43;0.02;0.05;122
0.80;0.99;0.88;468;0.43;0.02;0.05;122
0.80;0.99;0.88;468;0.43;0.02;0.05;122
0.80;0.99;0.88;468;0.43;0.02;0.05;122
0.80;0.99;0.88;468;0.43;0.02;0.05;122
0.80;0.99;0.88;468;0.43;0.02;0.05;122
0.80;0.99;0.88;468;0.43;0.02;0.05;122
0.7999999999999999;0.99;0.8800000000000001;468.0;0.43000000000000005;0.019999999999999997;0.049999999999999996;122.0



Algorithm ComplementNB
Confusion Matrices
TrueIrrelevant;FalseIrrelevant;FalseRelevant;TrueRelevant
446;22;41;81
446;22;41;81
446;22;41;81
446;22;41;81
446;22;41;81
446;22;41;81
446;22;41;81
446;22;41;81
446;22;41;81
446;22;41;81
446.0;22.0;41.0;81.0

Reports
I_Precision;I_Recall;I_F1;I_Support;R_Precision;R_Recall;R_F1;R_Support
0.92;0.95;0.93;468;0.79;0.66;0.72;122
0.92;0.95;0.93;468;0.79;0.66;0.72;122
0.92;0.95;0.93;468;0.79;0.66;0.72;122
0.92;0.95;0.93;468;0.79;0.66;0.72;122
0.92;0.95;0.93;468;0.79;0.66;0.72;122
0.92;0.95;0.93;468;0.79;0.66;0.72;122
0.92;0.95;0.93;468;0.79;0.66;0.72;122
0.92;0.95;0.93;468;0.79;0.66;0.72;122
0.92;0.95;0.93;468;0.79;0.66;0.72;122
0.92;0.95;0.93;468;0.79;0.66;0.72;122
0.9200000000000002;0.95;0.9299999999999999;468.0;0.79;0.66;0.7199999999999999;122.0



Algorithm QuadraticDiscriminantAnalysis
Confusion Matrices
TrueIrrelevant;FalseIrrelevant;FalseRelevant;TrueRelevant
413;55;88;34
413;55;88;34
413;55;88;34
413;55;88;34
413;55;88;34
413;55;88;34
413;55;88;34
413;55;88;34
413;55;88;34
413;55;88;34
413.0;55.0;88.0;34.0

Reports
I_Precision;I_Recall;I_F1;I_Support;R_Precision;R_Recall;R_F1;R_Support
0.82;0.88;0.85;468;0.38;0.28;0.32;122
0.82;0.88;0.85;468;0.38;0.28;0.32;122
0.82;0.88;0.85;468;0.38;0.28;0.32;122
0.82;0.88;0.85;468;0.38;0.28;0.32;122
0.82;0.88;0.85;468;0.38;0.28;0.32;122
0.82;0.88;0.85;468;0.38;0.28;0.32;122
0.82;0.88;0.85;468;0.38;0.28;0.32;122
0.82;0.88;0.85;468;0.38;0.28;0.32;122
0.82;0.88;0.85;468;0.38;0.28;0.32;122
0.82;0.88;0.85;468;0.38;0.28;0.32;122
0.8200000000000001;0.8800000000000001;0.8499999999999999;468.0;0.37999999999999995;0.2800000000000001;0.31999999999999995;122.0



Algorithm LinearDiscriminantAnalysis
Confusion Matrices
TrueIrrelevant;FalseIrrelevant;FalseRelevant;TrueRelevant
297;171;47;75
297;171;47;75
297;171;47;75
297;171;47;75
297;171;47;75
297;171;47;75
297;171;47;75
297;171;47;75
297;171;47;75
297;171;47;75
297.0;171.0;47.0;75.0

Reports
I_Precision;I_Recall;I_F1;I_Support;R_Precision;R_Recall;R_F1;R_Support
0.86;0.63;0.73;468;0.30;0.61;0.41;122
0.86;0.63;0.73;468;0.30;0.61;0.41;122
0.86;0.63;0.73;468;0.30;0.61;0.41;122
0.86;0.63;0.73;468;0.30;0.61;0.41;122
0.86;0.63;0.73;468;0.30;0.61;0.41;122
0.86;0.63;0.73;468;0.30;0.61;0.41;122
0.86;0.63;0.73;468;0.30;0.61;0.41;122
0.86;0.63;0.73;468;0.30;0.61;0.41;122
0.86;0.63;0.73;468;0.30;0.61;0.41;122
0.86;0.63;0.73;468;0.30;0.61;0.41;122
0.8600000000000001;0.63;0.7300000000000001;468.0;0.29999999999999993;0.6100000000000001;0.41000000000000003;122.0



Algorithm SGDClassifier
Confusion Matrices
TrueIrrelevant;FalseIrrelevant;FalseRelevant;TrueRelevant
447;21;38;84
446;22;36;86
447;21;37;85
453;15;39;83
447;21;38;84
451;17;32;90
445;23;35;87
454;14;35;87
451;17;37;85
454;14;35;87
449.5;18.5;36.2;85.8

Reports
I_Precision;I_Recall;I_F1;I_Support;R_Precision;R_Recall;R_F1;R_Support
0.92;0.96;0.94;468;0.80;0.69;0.74;122
0.93;0.95;0.94;468;0.80;0.70;0.75;122
0.92;0.96;0.94;468;0.80;0.70;0.75;122
0.92;0.97;0.94;468;0.85;0.68;0.75;122
0.92;0.96;0.94;468;0.80;0.69;0.74;122
0.93;0.96;0.95;468;0.84;0.74;0.79;122
0.93;0.95;0.94;468;0.79;0.71;0.75;122
0.93;0.97;0.95;468;0.86;0.71;0.78;122
0.92;0.96;0.94;468;0.83;0.70;0.76;122
0.93;0.97;0.95;468;0.86;0.71;0.78;122
0.925;0.9610000000000001;0.943;468.0;0.8230000000000001;0.7030000000000001;0.7590000000000001;122.0



Algorithm RidgeClassifier
Confusion Matrices
TrueIrrelevant;FalseIrrelevant;FalseRelevant;TrueRelevant
439;29;27;95
439;29;27;95
439;29;27;95
439;29;27;95
439;29;27;95
439;29;27;95
439;29;27;95
439;29;27;95
439;29;27;95
439;29;27;95
439.0;29.0;27.0;95.0

Reports
I_Precision;I_Recall;I_F1;I_Support;R_Precision;R_Recall;R_F1;R_Support
0.94;0.94;0.94;468;0.77;0.78;0.77;122
0.94;0.94;0.94;468;0.77;0.78;0.77;122
0.94;0.94;0.94;468;0.77;0.78;0.77;122
0.94;0.94;0.94;468;0.77;0.78;0.77;122
0.94;0.94;0.94;468;0.77;0.78;0.77;122
0.94;0.94;0.94;468;0.77;0.78;0.77;122
0.94;0.94;0.94;468;0.77;0.78;0.77;122
0.94;0.94;0.94;468;0.77;0.78;0.77;122
0.94;0.94;0.94;468;0.77;0.78;0.77;122
0.94;0.94;0.94;468;0.77;0.78;0.77;122
0.9399999999999997;0.9399999999999997;0.9399999999999997;468.0;0.7699999999999999;0.7800000000000001;0.7699999999999999;122.0



Algorithm PassiveAggressiveClassifier
Confusion Matrices
TrueIrrelevant;FalseIrrelevant;FalseRelevant;TrueRelevant
441;27;32;90
441;27;31;91
439;29;31;91
443;25;33;89
443;25;32;90
446;22;31;91
442;26;32;90
445;23;31;91
443;25;31;91
444;24;33;89
442.7;25.3;31.7;90.3

Reports
I_Precision;I_Recall;I_F1;I_Support;R_Precision;R_Recall;R_F1;R_Support
0.93;0.94;0.94;468;0.77;0.74;0.75;122
0.93;0.94;0.94;468;0.77;0.75;0.76;122
0.93;0.94;0.94;468;0.76;0.75;0.75;122
0.93;0.95;0.94;468;0.78;0.73;0.75;122
0.93;0.95;0.94;468;0.78;0.74;0.76;122
0.94;0.95;0.94;468;0.81;0.75;0.77;122
0.93;0.94;0.94;468;0.78;0.74;0.76;122
0.93;0.95;0.94;468;0.80;0.75;0.77;122
0.93;0.95;0.94;468;0.78;0.75;0.76;122
0.93;0.95;0.94;468;0.79;0.73;0.76;122
0.9309999999999998;0.946;0.9399999999999997;468.0;0.782;0.743;0.7589999999999998;122.0



